0 3.1226 0.4363 pedestrian
0 3.1226 -0.6283 cyclist
0 20.5198 -0.2793 car
1 3.1226 0.4363 pedestrian
1 3.1226 -0.5760 cyclist
1 20.5198 -0.2793 car
2 3.3456 0.4363 pedestrian
2 3.1226 -0.5760 cyclist
2 20.5198 -0.2793 car
3 3.3456 0.4363 pedestrian
3 3.1226 -0.5760 cyclist
3 20.0738 -0.2793 car
4 3.3456 0.4363 pedestrian
4 3.1226 -0.5760 cyclist
4 19.6277 -0.2793 car
5 3.3456 0.4363 pedestrian
5 3.1226 -0.5760 cyclist
5 19.6277 -0.2793 car
6 3.3456 0.4363 pedestrian
6 3.1226 -0.5411 cyclist
6 19.1816 -0.2967 car
7 3.3456 0.4363 pedestrian
7 3.1226 -0.5411 cyclist
7 19.1816 -0.2967 car
8 3.3456 0.4363 pedestrian
8 3.5687 -0.5061 cyclist
8 18.9586 -0.2793 car
9 3.3456 0.4363 pedestrian
9 3.5687 -0.5061 cyclist
9 18.9586 -0.2793 car
10 3.5687 0.4189 pedestrian
10 3.5687 -0.5061 cyclist
10 18.5125 -0.2793 car
11 3.5687 0.4189 pedestrian
11 3.5687 -0.5061 cyclist
11 18.5125 -0.2793 car
12 3.5687 0.4189 pedestrian
12 3.5687 -0.5061 cyclist
12 18.5125 -0.2793 car
13 3.5687 0.4189 pedestrian
13 3.5687 -0.4538 cyclist
13 17.8433 -0.2967 car
14 3.5687 0.4189 pedestrian
14 3.7917 -0.4189 cyclist
14 17.3973 -0.3142 car
15 3.5687 0.4189 pedestrian
15 3.7917 -0.4189 cyclist
15 17.3973 -0.3142 car
16 3.5687 0.4189 pedestrian
16 3.7917 -0.4189 cyclist
16 17.3973 -0.3142 car
17 3.7917 0.4538 pedestrian
17 3.7917 -0.4189 cyclist
17 16.9512 -0.3142 car
18 3.7917 0.4538 pedestrian
18 3.7917 -0.4189 cyclist
18 16.9512 -0.3142 car
19 3.7917 0.4538 pedestrian
19 4.0148 -0.3665 cyclist
19 16.2821 -0.3316 car
20 3.7917 0.4538 pedestrian
20 4.0148 -0.3665 cyclist
20 16.2821 -0.3316 car
21 4.0148 0.4363 pedestrian
21 4.0148 -0.3665 cyclist
21 16.2821 -0.3316 car
22 4.0148 0.4363 pedestrian
22 4.0148 -0.3665 cyclist
22 16.2821 -0.3316 car
23 4.0148 0.4363 pedestrian
23 4.0148 -0.3665 cyclist
23 16.2821 -0.3316 car
24 4.0148 0.4189 pedestrian
24 4.2378 -0.3491 cyclist
24 15.8360 -0.3316 car
25 4.0148 0.4189 pedestrian
25 4.2378 -0.3491 cyclist
25 15.8360 -0.3316 car
26 4.0148 0.4189 pedestrian
26 4.2378 -0.3491 cyclist
26 15.8360 -0.3316 car
27 4.0148 0.4189 pedestrian
27 4.2378 -0.3491 cyclist
27 15.8360 -0.3316 car
28 4.0148 0.4189 pedestrian
28 4.2378 -0.3491 cyclist
28 15.8360 -0.3316 car
29 4.2378 0.4014 pedestrian
29 4.4608 -0.2967 cyclist
29 15.8360 -0.3316 car
30 4.2378 0.4014 pedestrian
30 4.4608 -0.2967 cyclist
30 15.1668 -0.3840 car
31 4.2378 0.4014 pedestrian
31 4.4608 -0.2967 cyclist
31 15.1668 -0.3840 car
32 4.2378 0.4014 pedestrian
32 4.4608 -0.2967 cyclist
32 14.4977 -0.4363 car
33 4.2378 0.4014 pedestrian
33 4.6839 -0.2793 cyclist
33 14.4977 -0.4363 car
34 4.4608 0.4014 pedestrian
34 4.6839 -0.2793 cyclist
34 13.6056 -0.4363 car
35 4.4608 0.4014 pedestrian
35 4.6839 -0.2793 cyclist
35 13.6056 -0.4363 car
36 4.4608 0.4014 pedestrian
36 4.9069 -0.2443 cyclist
36 13.3825 -0.4363 car
37 4.4608 0.4014 pedestrian
37 4.9069 -0.2443 cyclist
37 13.3825 -0.4363 car
38 4.4608 0.4014 pedestrian
38 5.1300 -0.2094 cyclist
38 13.1595 -0.4538 car
39 4.4608 0.4014 pedestrian
39 5.1300 -0.2094 cyclist
39 13.1595 -0.4538 car
40 4.6839 0.4014 pedestrian
40 5.1300 -0.2094 cyclist
40 12.9364 -0.4538 car
41 4.6839 0.4014 pedestrian
41 5.1300 -0.2094 cyclist
41 12.9364 -0.4538 car
42 4.6839 0.4014 pedestrian
42 5.3530 -0.1920 cyclist
42 12.2673 -0.4887 car
43 4.6839 0.4014 pedestrian
43 5.3530 -0.1920 cyclist
43 12.2673 -0.4887 car
44 4.6839 0.4014 pedestrian
44 5.3530 -0.1920 cyclist
44 12.2673 -0.4887 car
45 4.9069 0.3665 pedestrian
45 5.3530 -0.1920 cyclist
45 12.0443 -0.5236 car
46 4.9069 0.3665 pedestrian
46 5.3530 -0.1920 cyclist
46 12.0443 -0.5236 car
47 4.9069 0.3665 pedestrian
47 5.3530 -0.1920 cyclist
47 12.0443 -0.5236 car
48 4.9069 0.3665 pedestrian
48 5.3530 -0.1920 cyclist
48 11.5982 -0.5236 car
49 4.9069 0.3665 pedestrian
49 5.3530 -0.1920 cyclist
49 11.5982 -0.5236 car
50 4.9069 0.3665 pedestrian
50 5.5760 -0.1571 cyclist
50 11.5982 -0.5236 car
51 4.9069 0.3665 pedestrian
51 5.5760 -0.1571 cyclist
51 11.5982 -0.5236 car
52 5.1300 0.3665 pedestrian
52 5.5760 -0.1571 cyclist
52 11.5982 -0.5236 car
53 5.1300 0.3665 pedestrian
53 5.5760 -0.1571 cyclist
53 11.5982 -0.5236 car
54 5.1300 0.3665 pedestrian
54 5.5760 -0.1571 cyclist
54 11.5982 -0.5236 car
55 5.1300 0.3665 pedestrian
55 5.7991 -0.1571 cyclist
55 11.1521 -0.5411 car
56 5.1300 0.3665 pedestrian
56 5.7991 -0.1571 cyclist
56 11.1521 -0.5411 car
57 5.3530 0.3491 pedestrian
57 5.7991 -0.1571 cyclist
57 11.1521 -0.5411 car
58 5.3530 0.3491 pedestrian
58 5.7991 -0.1571 cyclist
58 11.1521 -0.5411 car
59 5.5760 0.3491 pedestrian
59 5.7991 -0.1396 cyclist
59 10.4830 -0.6458 car
60 5.5760 0.3491 pedestrian
60 5.7991 -0.1396 cyclist
60 10.4830 -0.6458 car
61 5.5760 0.3491 pedestrian
61 5.7991 -0.1396 cyclist
61 10.4830 -0.6458 car
62 5.5760 0.3491 pedestrian
62 6.2452 -0.1222 cyclist
62 10.4830 -0.6458 car
63 5.5760 0.3491 pedestrian
63 6.2452 -0.1222 cyclist
63 10.4830 -0.6458 car
64 5.5760 0.3491 pedestrian
64 6.2452 -0.1222 cyclist
64 10.4830 -0.6458 car
65 5.5760 0.3491 pedestrian
65 6.2452 -0.1222 cyclist
65 10.0369 -0.6632 car
66 5.5760 0.3491 pedestrian
66 6.2452 -0.1222 cyclist
66 10.0369 -0.6632 car
66 24.9807 -0.3491 pedestrian
67 5.5760 0.3491 pedestrian
67 6.2452 -0.1222 cyclist
67 10.0369 -0.6632 car
67 24.7576 -0.3665 pedestrian
68 5.5760 0.3491 pedestrian
68 6.6913 -0.1047 cyclist
68 9.8138 -0.6807 car
68 24.5346 -0.3491 pedestrian
69 5.5760 0.3491 pedestrian
69 6.6913 -0.1047 cyclist
69 9.8138 -0.6807 car
69 24.5346 -0.3491 pedestrian
70 6.0221 0.3665 pedestrian
70 6.6913 -0.1047 cyclist
70 9.8138 -0.6807 car
70 24.5346 -0.3491 pedestrian
71 6.0221 0.3665 pedestrian
71 6.6913 -0.1047 cyclist
71 9.8138 -0.6807 car
71 24.5346 -0.3491 pedestrian
72 6.0221 0.3665 pedestrian
72 6.6913 -0.1047 cyclist
72 9.8138 -0.6807 car
72 24.5346 -0.3491 pedestrian
73 6.0221 0.3665 pedestrian
73 6.6913 -0.1047 cyclist
73 9.8138 -0.6807 car
73 24.5346 -0.3491 pedestrian
74 6.0221 0.3316 pedestrian
74 7.1373 -0.0873 cyclist
74 9.1447 -0.7330 car
74 24.3116 -0.3665 pedestrian
75 6.0221 0.3316 pedestrian
75 7.1373 -0.0873 cyclist
75 9.1447 -0.7330 car
75 24.3116 -0.4014 pedestrian
76 6.0221 0.3316 pedestrian
76 7.1373 -0.0873 cyclist
76 9.1447 -0.7330 car
76 24.3116 -0.4014 pedestrian
77 6.0221 0.3316 pedestrian
77 7.1373 -0.0873 cyclist
77 9.1447 -0.7330 car
77 24.3116 -0.4014 pedestrian
78 6.2452 0.3316 pedestrian
78 7.1373 -0.0873 cyclist
78 8.9217 -0.7330 car
78 24.3116 -0.4014 pedestrian
79 6.2452 0.3316 pedestrian
79 7.1373 -0.0873 cyclist
79 8.9217 -0.7330 car
79 24.3116 -0.3840 pedestrian
80 6.2452 0.3316 pedestrian
80 7.1373 -0.0873 cyclist
80 8.9217 -0.7330 car
80 24.3116 -0.3840 pedestrian
81 6.2452 0.3316 pedestrian
81 7.1373 -0.0873 cyclist
81 8.9217 -0.7330 car
81 24.3116 -0.3840 pedestrian
82 6.2452 0.3316 pedestrian
82 7.1373 -0.0873 cyclist
82 8.9217 -0.7330 car
82 24.0885 -0.3491 pedestrian
83 6.4682 0.2967 pedestrian
83 7.1373 -0.0873 cyclist
83 8.9217 -0.7330 car
83 23.8655 -0.3142 pedestrian
84 6.4682 0.2967 pedestrian
84 7.1373 -0.0873 cyclist
84 8.9217 -0.7330 car
84 23.8655 -0.3142 pedestrian
85 6.4682 0.2967 pedestrian
85 7.3604 -0.0698 cyclist
85 8.0295 -0.7854 car
85 23.8655 -0.3142 pedestrian
86 6.4682 0.2967 pedestrian
86 7.3604 -0.0698 cyclist
86 8.0295 -0.7854 car
86 23.8655 -0.3142 pedestrian
87 6.4682 0.2967 pedestrian
87 7.3604 -0.0698 cyclist
87 8.0295 -0.7854 car
87 23.8655 -0.3142 pedestrian
88 6.6913 0.2967 pedestrian
88 7.3604 -0.0698 cyclist
88 8.0295 -0.7854 car
88 23.8655 -0.3142 pedestrian
89 6.6913 0.2967 pedestrian
89 7.3604 -0.0698 cyclist
89 8.0295 -0.7854 car
89 23.8655 -0.3142 pedestrian
90 6.6913 0.2967 pedestrian
90 7.3604 -0.0698 cyclist
90 8.0295 -0.7854 car
90 23.8655 -0.3142 pedestrian
91 6.6913 0.2967 pedestrian
91 7.8065 -0.0698 cyclist
91 8.0295 -0.7854 car
91 23.8655 -0.3142 pedestrian
92 6.6913 0.2967 pedestrian
92 7.8065 -0.0698 cyclist
92 8.0295 -0.7854 car
92 23.8655 -0.3142 pedestrian
93 6.9143 0.2967 pedestrian
93 7.8065 -0.0698 cyclist
93 8.0295 -0.7854 car
93 23.8655 -0.3142 pedestrian
94 6.9143 0.2967 pedestrian
94 7.8065 -0.0698 cyclist
94 8.0295 -0.7854 car
94 23.8655 -0.3142 pedestrian
95 6.9143 0.2967 pedestrian
95 7.8065 -0.0698 cyclist
95 7.8065 -0.8552 car
95 23.4194 -0.3142 pedestrian
96 6.9143 0.2967 pedestrian
96 7.8065 -0.0698 cyclist
96 7.8065 -0.8552 car
96 23.4194 -0.3142 pedestrian
97 6.9143 0.2967 pedestrian
97 7.8065 -0.0698 cyclist
97 7.8065 -0.8552 car
97 23.4194 -0.3142 pedestrian
98 6.9143 0.2967 pedestrian
98 7.8065 -0.0698 cyclist
98 7.8065 -0.8552 car
98 23.4194 -0.3142 pedestrian
99 6.9143 0.2967 pedestrian
99 7.8065 -0.0698 cyclist
99 7.8065 -0.8552 car
99 23.4194 -0.3142 pedestrian
100 7.1373 0.2793 pedestrian
100 8.2525 -0.0698 cyclist
100 7.5834 -0.9250 car
100 23.4194 -0.3142 pedestrian
101 7.1373 0.2793 pedestrian
101 8.2525 -0.0698 cyclist
101 7.5834 -0.9250 car
101 23.4194 -0.3142 pedestrian
102 7.1373 0.2793 pedestrian
102 8.2525 -0.0698 cyclist
102 7.5834 -0.9250 car
102 23.4194 -0.3142 pedestrian
103 7.3604 0.3142 pedestrian
103 8.4756 -0.0524 cyclist
103 7.5834 -0.9250 car
103 23.4194 -0.3142 pedestrian
104 7.3604 0.3142 pedestrian
104 8.4756 -0.0524 cyclist
104 7.5834 -0.9250 car
104 23.4194 -0.3142 pedestrian
105 7.3604 0.3142 pedestrian
105 8.4756 -0.0524 cyclist
105 7.5834 -0.9250 car
105 23.4194 -0.3142 pedestrian
106 7.3604 0.3142 pedestrian
106 8.6986 -0.0524 cyclist
106 7.3604 -1.0123 car
106 23.1963 -0.3142 pedestrian
107 7.3604 0.3142 pedestrian
107 8.6986 -0.0524 cyclist
107 7.3604 -1.0123 car
107 23.1963 -0.3142 pedestrian
108 7.3604 0.3142 pedestrian
108 8.6986 -0.0524 cyclist
108 7.3604 -1.0123 car
108 23.1963 -0.3142 pedestrian
109 7.5834 0.3142 pedestrian
109 8.6986 -0.0524 cyclist
109 7.3604 -1.0123 car
109 23.1963 -0.3142 pedestrian
110 7.5834 0.2793 pedestrian
110 8.9217 -0.0349 cyclist
110 7.3604 -1.0123 car
110 23.1963 -0.3142 pedestrian
111 7.5834 0.2793 pedestrian
111 8.9217 -0.0349 cyclist
111 7.3604 -1.0123 car
111 23.1963 -0.3142 pedestrian
112 7.5834 0.2793 pedestrian
112 8.9217 -0.0349 cyclist
112 7.3604 -1.0123 car
112 23.1963 -0.3142 pedestrian
113 7.5834 0.2793 pedestrian
113 9.1447 -0.0349 cyclist
113 7.1373 -1.0297 car
113 22.9733 -0.3142 pedestrian
114 7.5834 0.2793 pedestrian
114 9.1447 -0.0349 cyclist
114 7.1373 -1.0297 car
114 22.9733 -0.3142 pedestrian
115 7.8065 0.2793 pedestrian
115 9.1447 -0.0349 cyclist
115 7.1373 -1.0297 car
115 22.9733 -0.3142 pedestrian
116 7.8065 0.2793 pedestrian
116 9.1447 -0.0349 cyclist
116 7.1373 -1.0297 car
116 22.9733 -0.3142 pedestrian
117 7.8065 0.2793 pedestrian
117 9.1447 -0.0349 cyclist
117 22.7503 -0.3142 pedestrian
118 7.8065 0.2793 pedestrian
118 9.1447 -0.0349 cyclist
118 22.7503 -0.3142 pedestrian
119 7.8065 0.2793 pedestrian
119 9.1447 -0.0349 cyclist
119 22.7503 -0.3142 pedestrian
120 7.8065 0.2793 pedestrian
120 9.5908 -0.0349 cyclist
120 22.7503 -0.3142 pedestrian
121 7.8065 0.2793 pedestrian
121 9.5908 -0.0349 cyclist
121 22.7503 -0.3142 pedestrian
122 7.8065 0.2793 pedestrian
122 9.5908 -0.0349 cyclist
122 22.7503 -0.3142 pedestrian
123 8.0295 0.2793 pedestrian
123 9.5908 -0.0349 cyclist
123 22.7503 -0.3142 pedestrian
124 8.2525 0.2793 pedestrian
124 9.8138 -0.0349 cyclist
124 22.5272 -0.3142 pedestrian
125 8.2525 0.2793 pedestrian
125 9.8138 -0.0349 cyclist
125 22.5272 -0.3142 pedestrian
126 8.2525 0.2793 pedestrian
126 9.8138 -0.0349 cyclist
126 22.5272 -0.3142 pedestrian
127 8.2525 0.2793 pedestrian
127 9.8138 -0.0349 cyclist
127 22.5272 -0.3142 pedestrian
128 8.2525 0.2793 pedestrian
128 9.8138 -0.0349 cyclist
128 22.5272 -0.3142 pedestrian
129 8.2525 0.2793 pedestrian
129 10.2599 0.0000 cyclist
129 22.3042 -0.3316 pedestrian
130 8.2525 0.2793 pedestrian
130 10.2599 0.0000 cyclist
130 22.3042 -0.3316 pedestrian
131 8.2525 0.2793 pedestrian
131 10.2599 0.0000 cyclist
131 22.3042 -0.3316 pedestrian
132 8.2525 0.2793 pedestrian
132 10.2599 0.0000 cyclist
132 22.3042 -0.3316 pedestrian
133 8.2525 0.2793 pedestrian
133 10.2599 0.0000 cyclist
133 22.3042 -0.3316 pedestrian
134 8.4756 0.2793 pedestrian
134 10.4830 0.0175 cyclist
134 22.0811 -0.3491 pedestrian
135 8.4756 0.2793 pedestrian
135 10.4830 0.0175 cyclist
135 22.0811 -0.3491 pedestrian
136 8.4756 0.2793 pedestrian
136 10.4830 0.0175 cyclist
136 21.8581 -0.3316 pedestrian
137 8.4756 0.2793 pedestrian
137 10.4830 0.0175 cyclist
137 21.8581 -0.3316 pedestrian
138 8.4756 0.2793 pedestrian
138 10.4830 0.0175 cyclist
138 21.8581 -0.3316 pedestrian
139 8.4756 0.2793 pedestrian
139 10.4830 0.0175 cyclist
139 21.8581 -0.3316 pedestrian
140 8.6986 0.2618 pedestrian
140 10.9290 0.0175 cyclist
140 21.8581 -0.3316 pedestrian
141 8.6986 0.2618 pedestrian
141 10.9290 0.0175 cyclist
141 21.8581 -0.3316 pedestrian
142 8.6986 0.2618 pedestrian
142 10.9290 0.0175 cyclist
142 21.8581 -0.3316 pedestrian
143 8.6986 0.2618 pedestrian
143 10.9290 0.0175 cyclist
143 21.8581 -0.3316 pedestrian
144 8.9217 0.2618 pedestrian
144 10.9290 0.0175 cyclist
144 21.8581 -0.3316 pedestrian
145 8.9217 0.2618 pedestrian
145 10.9290 0.0175 cyclist
145 21.8581 -0.3316 pedestrian
146 8.9217 0.2618 pedestrian
146 10.9290 0.0175 cyclist
146 21.6351 -0.3316 pedestrian
147 8.9217 0.2618 pedestrian
147 10.9290 0.0175 cyclist
147 21.6351 -0.3316 pedestrian
148 9.1447 0.2443 pedestrian
148 11.3751 0.0175 cyclist
148 21.6351 -0.3316 pedestrian
149 9.1447 0.2443 pedestrian
149 11.3751 0.0175 cyclist
149 21.6351 -0.3316 pedestrian
150 9.1447 0.2443 pedestrian
150 11.3751 0.0175 cyclist
150 21.6351 -0.3316 pedestrian
151 9.1447 0.2443 pedestrian
151 11.3751 0.0175 cyclist
151 21.6351 -0.3316 pedestrian
152 9.1447 0.2443 pedestrian
152 11.3751 0.0175 cyclist
152 21.4120 -0.3142 pedestrian
153 9.1447 0.2443 pedestrian
153 11.3751 0.0175 cyclist
153 21.4120 -0.3142 pedestrian
154 9.3678 0.2269 pedestrian
154 11.5982 0.0175 cyclist
154 21.4120 -0.3142 pedestrian
155 9.3678 0.2269 pedestrian
155 11.5982 0.0175 cyclist
155 21.4120 -0.3142 pedestrian
156 9.3678 0.2269 pedestrian
156 11.5982 0.0175 cyclist
156 21.4120 -0.3142 pedestrian
157 9.3678 0.2269 pedestrian
157 11.5982 0.0175 cyclist
157 21.4120 -0.3142 pedestrian
158 9.3678 0.2269 pedestrian
158 11.8212 0.0175 cyclist
158 21.4120 -0.3142 pedestrian
159 9.3678 0.2269 pedestrian
159 11.8212 0.0175 cyclist
159 21.4120 -0.3142 pedestrian
160 9.5908 0.2269 pedestrian
160 12.0443 0.0175 cyclist
160 21.1890 -0.3142 pedestrian
161 9.5908 0.2269 pedestrian
161 12.0443 0.0175 cyclist
161 21.1890 -0.3142 pedestrian
162 9.5908 0.2269 pedestrian
162 12.0443 0.0175 cyclist
162 21.1890 -0.3142 pedestrian
163 9.5908 0.2269 pedestrian
163 12.0443 0.0175 cyclist
163 21.1890 -0.3142 pedestrian
164 9.8138 0.2269 pedestrian
164 12.0443 0.0175 cyclist
164 21.1890 -0.3142 pedestrian
165 9.8138 0.2269 pedestrian
165 12.0443 0.0175 cyclist
165 20.9659 -0.3142 pedestrian
166 9.8138 0.2269 pedestrian
166 12.2673 0.0175 cyclist
166 20.9659 -0.3142 pedestrian
167 9.8138 0.2269 pedestrian
167 12.2673 0.0175 cyclist
167 20.9659 -0.3142 pedestrian
168 9.8138 0.2269 pedestrian
168 12.2673 0.0175 cyclist
168 20.9659 -0.3142 pedestrian
169 9.8138 0.2269 pedestrian
169 12.2673 0.0175 cyclist
169 20.9659 -0.3142 pedestrian
170 10.0369 0.2094 pedestrian
170 12.4903 0.0349 cyclist
170 20.7429 -0.3142 pedestrian
171 10.0369 0.2094 pedestrian
171 12.4903 0.0349 cyclist
171 20.7429 -0.3142 pedestrian
172 10.0369 0.2094 pedestrian
172 12.4903 0.0349 cyclist
172 20.7429 -0.3142 pedestrian
173 10.0369 0.2094 pedestrian
173 12.4903 0.0349 cyclist
173 20.7429 -0.3142 pedestrian
174 10.0369 0.2094 pedestrian
174 12.4903 0.0349 cyclist
174 20.7429 -0.3142 pedestrian
175 10.0369 0.2094 pedestrian
175 12.7134 0.0349 cyclist
175 20.7429 -0.3142 pedestrian
176 10.2599 0.2094 pedestrian
176 12.7134 0.0349 cyclist
176 20.5198 -0.3316 pedestrian
177 10.2599 0.2094 pedestrian
177 12.7134 0.0349 cyclist
177 20.5198 -0.3316 pedestrian
178 10.2599 0.2094 pedestrian
178 12.7134 0.0349 cyclist
178 20.5198 -0.3316 pedestrian
179 10.2599 0.2094 pedestrian
179 12.9364 0.0349 cyclist
179 20.5198 -0.3316 pedestrian
180 10.4830 0.2094 pedestrian
180 12.9364 0.0349 cyclist
180 20.5198 -0.3316 pedestrian
181 10.4830 0.2094 pedestrian
181 12.9364 0.0349 cyclist
181 20.5198 -0.3316 pedestrian
182 10.4830 0.2094 pedestrian
182 12.9364 0.0349 cyclist
182 20.5198 -0.3316 pedestrian
183 10.4830 0.2094 pedestrian
183 12.9364 0.0349 cyclist
183 20.5198 -0.3316 pedestrian
184 10.4830 0.2094 pedestrian
184 13.3825 0.0349 cyclist
184 20.0738 -0.3491 pedestrian
185 10.4830 0.2094 pedestrian
185 13.3825 0.0349 cyclist
185 20.0738 -0.3491 pedestrian
186 10.4830 0.2094 pedestrian
186 13.3825 0.0349 cyclist
186 20.0738 -0.3491 pedestrian
187 10.4830 0.2094 pedestrian
187 13.3825 0.0349 cyclist
187 20.0738 -0.3491 pedestrian
188 10.7060 0.1920 pedestrian
188 13.3825 0.0349 cyclist
188 20.0738 -0.3491 pedestrian
189 10.7060 0.1920 pedestrian
189 13.3825 0.0349 cyclist
189 20.0738 -0.3491 pedestrian
190 10.7060 0.1920 pedestrian
190 13.3825 0.0349 cyclist
190 20.0738 -0.3491 pedestrian
191 10.7060 0.1920 pedestrian
191 13.8286 0.0524 cyclist
191 19.8507 -0.3491 pedestrian
192 10.7060 0.1920 pedestrian
192 13.8286 0.0524 cyclist
192 19.8507 -0.3491 pedestrian
193 10.9290 0.1920 pedestrian
193 13.8286 0.0524 cyclist
193 19.8507 -0.3491 pedestrian
194 10.9290 0.1920 pedestrian
194 13.8286 0.0524 cyclist
194 19.8507 -0.3491 pedestrian
195 10.9290 0.1920 pedestrian
195 13.8286 0.0524 cyclist
195 19.8507 -0.3491 pedestrian
196 10.9290 0.1920 pedestrian
196 13.8286 0.0524 cyclist
196 19.8507 -0.3491 pedestrian
197 11.1521 0.1920 pedestrian
197 13.8286 0.0524 cyclist
197 19.8507 -0.3491 pedestrian
198 11.1521 0.1920 pedestrian
198 13.8286 0.0524 cyclist
198 19.8507 -0.3491 pedestrian
199 11.1521 0.1920 pedestrian
199 13.8286 0.0524 cyclist
199 19.8507 -0.3491 pedestrian
200 11.1521 0.1920 pedestrian
200 14.0516 0.0524 cyclist
200 19.8507 -0.3491 pedestrian
201 11.1521 0.1920 pedestrian
201 14.0516 0.0524 cyclist
201 19.8507 -0.3491 pedestrian
202 11.1521 0.1920 pedestrian
202 14.0516 0.0524 cyclist
202 19.6277 -0.3665 pedestrian
203 11.1521 0.1920 pedestrian
203 14.0516 0.0524 cyclist
203 19.6277 -0.3665 pedestrian
204 11.1521 0.1920 pedestrian
204 14.4977 0.0524 cyclist
204 19.4046 -0.3840 pedestrian
205 11.1521 0.1920 pedestrian
205 14.4977 0.0524 cyclist
205 19.4046 -0.3840 pedestrian
206 11.1521 0.1920 pedestrian
206 14.4977 0.0524 cyclist
206 19.4046 -0.3840 pedestrian
207 11.3751 0.1920 pedestrian
207 14.7208 0.0524 cyclist
207 19.4046 -0.3840 pedestrian
208 11.3751 0.1920 pedestrian
208 14.7208 0.0524 cyclist
208 19.4046 -0.3840 pedestrian
209 11.3751 0.1920 pedestrian
209 14.7208 0.0524 cyclist
209 19.4046 -0.3840 pedestrian
210 11.3751 0.1920 pedestrian
210 14.7208 0.0524 cyclist
210 19.4046 -0.3840 pedestrian
211 11.3751 0.1920 pedestrian
211 14.7208 0.0524 cyclist
211 19.4046 -0.3840 pedestrian
212 11.3751 0.1920 pedestrian
212 14.7208 0.0524 cyclist
212 19.4046 -0.3840 pedestrian
213 11.8212 0.1920 pedestrian
213 14.7208 0.0524 cyclist
213 18.9586 -0.3840 pedestrian
214 11.8212 0.1920 pedestrian
214 14.7208 0.0524 cyclist
214 18.9586 -0.3840 pedestrian
215 11.8212 0.1920 pedestrian
215 14.7208 0.0524 cyclist
215 18.9586 -0.3840 pedestrian
216 11.8212 0.1920 pedestrian
216 14.7208 0.0524 cyclist
216 18.9586 -0.3840 pedestrian
217 11.8212 0.1571 pedestrian
217 15.1668 0.0524 cyclist
217 18.9586 -0.3840 pedestrian
218 11.8212 0.1571 pedestrian
218 15.1668 0.0524 cyclist
218 18.9586 -0.3840 pedestrian
219 11.8212 0.1571 pedestrian
219 15.1668 0.0524 cyclist
219 18.9586 -0.3840 pedestrian
220 11.8212 0.1571 pedestrian
220 15.1668 0.0524 cyclist
220 18.9586 -0.3840 pedestrian
221 11.8212 0.1571 pedestrian
221 15.1668 0.0524 cyclist
221 18.9586 -0.3840 pedestrian
222 11.8212 0.1571 pedestrian
222 15.1668 0.0524 cyclist
222 18.9586 -0.3840 pedestrian
223 11.8212 0.1571 pedestrian
223 15.1668 0.0524 cyclist
223 18.9586 -0.3840 pedestrian
224 12.0443 0.1571 pedestrian
224 15.1668 0.0524 cyclist
224 18.7355 -0.4014 pedestrian
225 12.0443 0.1571 pedestrian
225 15.1668 0.0524 cyclist
225 18.7355 -0.4014 pedestrian
226 12.0443 0.1571 pedestrian
226 15.6129 0.0524 cyclist
226 18.7355 -0.4014 pedestrian
227 12.0443 0.1571 pedestrian
227 15.6129 0.0524 cyclist
227 18.7355 -0.4014 pedestrian
228 12.0443 0.1571 pedestrian
228 15.6129 0.0524 cyclist
228 18.7355 -0.4014 pedestrian
229 12.0443 0.1571 pedestrian
229 15.6129 0.0524 cyclist
229 18.7355 -0.4014 pedestrian
230 12.4903 0.1571 pedestrian
230 15.6129 0.0524 cyclist
230 18.5125 -0.4014 pedestrian
231 12.4903 0.1571 pedestrian
231 15.6129 0.0524 cyclist
231 18.5125 -0.4014 pedestrian
232 12.4903 0.1571 pedestrian
232 15.6129 0.0524 cyclist
232 18.5125 -0.4014 pedestrian
233 12.4903 0.1571 pedestrian
233 15.6129 0.0524 cyclist
233 18.5125 -0.4014 pedestrian
234 12.4903 0.1571 pedestrian
234 15.6129 0.0524 cyclist
234 18.5125 -0.4014 pedestrian
235 12.4903 0.1571 pedestrian
235 15.6129 0.0524 cyclist
235 18.5125 -0.4014 pedestrian
236 12.4903 0.1571 pedestrian
236 16.0590 0.0524 cyclist
236 18.5125 -0.4014 pedestrian
237 12.4903 0.1571 pedestrian
237 16.0590 0.0524 cyclist
237 18.5125 -0.4014 pedestrian
238 12.4903 0.1571 pedestrian
238 16.0590 0.0524 cyclist
238 18.5125 -0.4014 pedestrian
239 12.7134 0.1396 pedestrian
239 16.0590 0.0524 cyclist
239 18.0664 -0.4189 pedestrian
240 12.7134 0.1396 pedestrian
240 16.0590 0.0524 cyclist
240 18.0664 -0.4189 pedestrian
241 12.7134 0.1396 pedestrian
241 16.0590 0.0524 cyclist
241 18.0664 -0.4189 pedestrian
242 12.7134 0.1396 pedestrian
242 16.0590 0.0524 cyclist
242 18.0664 -0.4189 pedestrian
243 12.7134 0.1396 pedestrian
243 16.5051 0.0349 cyclist
243 18.0664 -0.4189 pedestrian
244 12.7134 0.1396 pedestrian
244 16.5051 0.0349 cyclist
244 18.0664 -0.4189 pedestrian
245 12.7134 0.1396 pedestrian
245 16.5051 0.0524 cyclist
245 18.0664 -0.4189 pedestrian
246 12.9364 0.1571 pedestrian
246 16.5051 0.0524 cyclist
246 18.0664 -0.4189 pedestrian
247 12.9364 0.1571 pedestrian
247 16.5051 0.0524 cyclist
247 18.0664 -0.4363 pedestrian
248 12.9364 0.1571 pedestrian
248 16.5051 0.0524 cyclist
248 18.0664 -0.4363 pedestrian
249 12.9364 0.1571 pedestrian
249 16.5051 0.0524 cyclist
249 18.0664 -0.4363 pedestrian
250 12.9364 0.1571 pedestrian
250 16.5051 0.0524 cyclist
250 18.0664 -0.4363 pedestrian
251 12.9364 0.1571 pedestrian
251 16.7281 0.0524 cyclist
251 17.8433 -0.4363 pedestrian
252 12.9364 0.1571 pedestrian
252 16.7281 0.0524 cyclist
252 17.8433 -0.4363 pedestrian
253 13.1595 0.1571 pedestrian
253 16.7281 0.0524 cyclist
253 17.8433 -0.4363 pedestrian
254 13.1595 0.1571 pedestrian
254 16.7281 0.0524 cyclist
254 17.8433 -0.4363 pedestrian
255 13.1595 0.1571 pedestrian
255 16.7281 0.0524 cyclist
255 17.3973 -0.4363 pedestrian
256 13.1595 0.1571 pedestrian
256 17.1742 0.0698 cyclist
256 17.3973 -0.4363 pedestrian
257 13.1595 0.1571 pedestrian
257 17.1742 0.0698 cyclist
257 17.3973 -0.4363 pedestrian
258 13.1595 0.1571 pedestrian
258 17.1742 0.0698 cyclist
258 17.3973 -0.4363 pedestrian
259 13.3825 0.1571 pedestrian
259 17.1742 0.0698 cyclist
259 17.3973 -0.4363 pedestrian
260 13.3825 0.1571 pedestrian
260 17.1742 0.0698 cyclist
260 17.3973 -0.4363 pedestrian
261 13.3825 0.1571 pedestrian
261 17.1742 0.0698 cyclist
261 17.3973 -0.4363 pedestrian
262 13.3825 0.1571 pedestrian
262 17.1742 0.0698 cyclist
262 17.3973 -0.4363 pedestrian
263 13.6056 0.1396 pedestrian
263 17.1742 0.0698 cyclist
263 17.3973 -0.4363 pedestrian
264 13.6056 0.1396 pedestrian
264 17.1742 0.0698 cyclist
264 17.3973 -0.4363 pedestrian
265 13.6056 0.1396 pedestrian
265 17.1742 0.0698 cyclist
265 17.3973 -0.4363 pedestrian
266 13.6056 0.1396 pedestrian
266 17.3973 0.0349 cyclist
266 17.3973 -0.4363 pedestrian
267 13.6056 0.1396 pedestrian
267 17.3973 0.0349 cyclist
267 17.1742 -0.4538 pedestrian
268 13.6056 0.1396 pedestrian
268 17.3973 0.0349 cyclist
268 17.1742 -0.4538 pedestrian
269 13.6056 0.1396 pedestrian
269 17.3973 0.0349 cyclist
269 17.1742 -0.4538 pedestrian
270 13.6056 0.1396 pedestrian
270 17.3973 0.0349 cyclist
270 17.1742 -0.4538 pedestrian
271 13.6056 0.1396 pedestrian
271 17.3973 0.0349 cyclist
271 17.1742 -0.4538 pedestrian
272 14.0516 0.1222 pedestrian
272 17.8433 0.0698 cyclist
272 17.1742 -0.4538 pedestrian
273 14.0516 0.1222 pedestrian
273 17.8433 0.0698 cyclist
273 16.9512 -0.4538 pedestrian
274 14.0516 0.1222 pedestrian
274 17.8433 0.0698 cyclist
274 16.9512 -0.4538 pedestrian
275 14.0516 0.1222 pedestrian
275 17.8433 0.0698 cyclist
275 16.9512 -0.4538 pedestrian
276 14.0516 0.1222 pedestrian
276 17.8433 0.0698 cyclist
276 16.9512 -0.4538 pedestrian
277 14.2747 0.1396 pedestrian
277 18.0664 0.0698 cyclist
277 16.7281 -0.4538 pedestrian
278 14.2747 0.1396 pedestrian
278 18.0664 0.0698 cyclist
278 16.7281 -0.4538 pedestrian
279 14.2747 0.1396 pedestrian
279 18.0664 0.0698 cyclist
279 16.7281 -0.4538 pedestrian
280 14.2747 0.1396 pedestrian
280 18.0664 0.0698 cyclist
280 16.7281 -0.4538 pedestrian
281 14.2747 0.1396 pedestrian
281 18.0664 0.0698 cyclist
281 16.7281 -0.4538 pedestrian
282 14.2747 0.1396 pedestrian
282 18.2894 0.0698 cyclist
282 16.7281 -0.4538 pedestrian
283 14.2747 0.1396 pedestrian
283 18.2894 0.0698 cyclist
283 16.7281 -0.4538 pedestrian
284 14.2747 0.1396 pedestrian
284 18.2894 0.0698 cyclist
284 16.7281 -0.4538 pedestrian
285 14.2747 0.1396 pedestrian
285 18.2894 0.0698 cyclist
285 16.7281 -0.4538 pedestrian
286 14.2747 0.1396 pedestrian
286 18.2894 0.0698 cyclist
286 16.7281 -0.4538 pedestrian
287 14.2747 0.1396 pedestrian
287 18.2894 0.0698 cyclist
287 16.7281 -0.4538 pedestrian
288 14.4977 0.1571 pedestrian
288 18.2894 0.0698 cyclist
288 16.7281 -0.4538 pedestrian
289 14.4977 0.1571 pedestrian
289 18.7355 0.0698 cyclist
289 16.5051 -0.4538 pedestrian
290 14.4977 0.1571 pedestrian
290 18.7355 0.0698 cyclist
290 16.5051 -0.4538 pedestrian
291 14.4977 0.1571 pedestrian
291 18.7355 0.0698 cyclist
291 16.5051 -0.4538 pedestrian
292 14.4977 0.1571 pedestrian
292 18.7355 0.0698 cyclist
292 16.5051 -0.4538 pedestrian
293 14.4977 0.1571 pedestrian
293 18.7355 0.0698 cyclist
293 16.5051 -0.4538 pedestrian
294 14.9438 0.1571 pedestrian
294 18.7355 0.0698 cyclist
294 16.5051 -0.4538 pedestrian
295 14.9438 0.1571 pedestrian
295 18.7355 0.0698 cyclist
295 16.5051 -0.4538 pedestrian
296 14.9438 0.1571 pedestrian
296 18.7355 0.0698 cyclist
296 16.2821 -0.4887 pedestrian
297 14.9438 0.1571 pedestrian
297 18.7355 0.0698 cyclist
297 16.2821 -0.4887 pedestrian
298 14.9438 0.1571 pedestrian
298 18.7355 0.0698 cyclist
298 16.2821 -0.4887 pedestrian
299 14.9438 0.1571 pedestrian
299 18.7355 0.0698 cyclist
299 16.2821 -0.4887 pedestrian
300 14.9438 0.1571 pedestrian
300 18.7355 0.0698 cyclist
300 16.2821 -0.4887 pedestrian
301 14.9438 0.1571 pedestrian
301 18.7355 0.0698 cyclist
301 16.2821 -0.4887 pedestrian
302 14.9438 0.1571 pedestrian
302 18.7355 0.0698 cyclist
302 16.2821 -0.4887 pedestrian
303 14.9438 0.1571 pedestrian
303 19.4046 0.0524 cyclist
303 16.2821 -0.4887 pedestrian
304 14.9438 0.1571 pedestrian
304 19.4046 0.0524 cyclist
304 16.2821 -0.4887 pedestrian
305 14.9438 0.1571 pedestrian
305 19.4046 0.0524 cyclist
305 16.2821 -0.4887 pedestrian
306 15.1668 0.1571 pedestrian
306 19.4046 0.0524 cyclist
306 15.8360 -0.5061 pedestrian
307 15.1668 0.1571 pedestrian
307 19.4046 0.0524 cyclist
307 15.8360 -0.5061 pedestrian
308 15.1668 0.1571 pedestrian
308 19.4046 0.0524 cyclist
308 15.8360 -0.5061 pedestrian
309 15.1668 0.1571 pedestrian
309 19.4046 0.0524 cyclist
309 15.8360 -0.5061 pedestrian
310 15.3899 0.1745 pedestrian
310 19.4046 0.0524 cyclist
310 15.8360 -0.5061 pedestrian
311 15.3899 0.1745 pedestrian
311 19.4046 0.0524 cyclist
311 15.8360 -0.5061 pedestrian
312 15.3899 0.1745 pedestrian
312 19.4046 0.0524 cyclist
312 15.8360 -0.5061 pedestrian
313 15.3899 0.1745 pedestrian
313 19.4046 0.0524 cyclist
313 15.8360 -0.5061 pedestrian
314 15.3899 0.1745 pedestrian
314 19.6277 0.0698 cyclist
314 15.3899 -0.5236 pedestrian
315 15.3899 0.1745 pedestrian
315 19.6277 0.0698 cyclist
315 15.3899 -0.5236 pedestrian
316 15.3899 0.1745 pedestrian
316 19.6277 0.0698 cyclist
316 15.3899 -0.5236 pedestrian
317 15.6129 0.1745 pedestrian
317 19.6277 0.0698 cyclist
317 15.3899 -0.5236 pedestrian
318 15.6129 0.1745 pedestrian
318 19.6277 0.0698 cyclist
318 15.3899 -0.5236 pedestrian
319 15.6129 0.1745 pedestrian
319 19.6277 0.0698 cyclist
319 15.3899 -0.5236 pedestrian
320 15.6129 0.1745 pedestrian
320 19.6277 0.0698 cyclist
320 15.3899 -0.5236 pedestrian
321 15.6129 0.1745 pedestrian
321 19.6277 0.0698 cyclist
321 15.3899 -0.5236 pedestrian
322 15.6129 0.1745 pedestrian
322 19.8507 0.0698 cyclist
322 15.3899 -0.5236 pedestrian
323 15.6129 0.1745 pedestrian
323 19.8507 0.0698 cyclist
323 15.3899 -0.5236 pedestrian
324 15.8360 0.2094 pedestrian
324 19.8507 0.0698 cyclist
324 15.3899 -0.5236 pedestrian
325 15.8360 0.2094 pedestrian
325 19.8507 0.0698 cyclist
325 15.3899 -0.5236 pedestrian
326 15.8360 0.2094 pedestrian
326 19.8507 0.0698 cyclist
326 15.3899 -0.5236 pedestrian
327 15.8360 0.2094 pedestrian
327 20.0738 0.0698 cyclist
327 15.1668 -0.5760 pedestrian
328 15.8360 0.2094 pedestrian
328 20.0738 0.0698 cyclist
328 15.1668 -0.5760 pedestrian
329 15.8360 0.2094 pedestrian
329 20.5198 0.0698 cyclist
329 15.1668 -0.5760 pedestrian
330 16.0590 0.2094 pedestrian
330 20.5198 0.0698 cyclist
330 15.1668 -0.5760 pedestrian
331 16.0590 0.2094 pedestrian
331 20.5198 0.0698 cyclist
331 15.1668 -0.5760 pedestrian
332 16.0590 0.2094 pedestrian
332 20.5198 0.0698 cyclist
332 15.1668 -0.5760 pedestrian
333 16.0590 0.2094 pedestrian
333 20.5198 0.0698 cyclist
333 15.1668 -0.5760 pedestrian
334 16.5051 0.2094 pedestrian
334 20.7429 0.0698 cyclist
334 14.9438 -0.5760 pedestrian
335 16.5051 0.2094 pedestrian
335 20.7429 0.0698 cyclist
335 14.9438 -0.5760 pedestrian
336 16.5051 0.2094 pedestrian
336 20.7429 0.0698 cyclist
336 14.9438 -0.5760 pedestrian
337 16.5051 0.2094 pedestrian
337 20.7429 0.0698 cyclist
337 14.9438 -0.5760 pedestrian
338 16.5051 0.2094 pedestrian
338 20.7429 0.0698 cyclist
338 14.9438 -0.5760 pedestrian
339 16.5051 0.2094 pedestrian
339 20.7429 0.0698 cyclist
339 14.9438 -0.5760 pedestrian
340 16.5051 0.2094 pedestrian
340 20.7429 0.0698 cyclist
340 14.9438 -0.5760 pedestrian
341 16.5051 0.2094 pedestrian
341 20.7429 0.0698 cyclist
341 14.9438 -0.5760 pedestrian
342 16.5051 0.2094 pedestrian
342 20.7429 0.0698 cyclist
342 14.9438 -0.5760 pedestrian
343 16.5051 0.2094 pedestrian
343 20.7429 0.0698 cyclist
343 14.9438 -0.5760 pedestrian
344 16.7281 0.2094 pedestrian
344 21.1890 0.0698 cyclist
344 14.4977 -0.5934 pedestrian
345 16.7281 0.2094 pedestrian
345 21.1890 0.0698 cyclist
345 14.4977 -0.5934 pedestrian
346 16.7281 0.2094 pedestrian
346 21.1890 0.0698 cyclist
346 14.4977 -0.5934 pedestrian
347 16.7281 0.2094 pedestrian
347 21.1890 0.0698 cyclist
347 14.4977 -0.5934 pedestrian
348 16.7281 0.2094 pedestrian
348 21.1890 0.0698 cyclist
348 14.4977 -0.5934 pedestrian
349 16.7281 0.2094 pedestrian
349 21.1890 0.0698 cyclist
349 14.4977 -0.5934 pedestrian
350 16.7281 0.2094 pedestrian
350 21.1890 0.0698 cyclist
350 14.4977 -0.5934 pedestrian
351 16.7281 0.2094 pedestrian
351 21.1890 0.0698 cyclist
351 14.4977 -0.5934 pedestrian
352 16.7281 0.2094 pedestrian
352 21.1890 0.0698 cyclist
352 14.4977 -0.5934 pedestrian
353 16.9512 0.2094 pedestrian
353 21.6351 0.0698 cyclist
353 14.2747 -0.6109 pedestrian
354 16.9512 0.2094 pedestrian
354 21.6351 0.0698 cyclist
354 14.2747 -0.6109 pedestrian
355 16.9512 0.2094 pedestrian
355 21.6351 0.0698 cyclist
355 14.2747 -0.6109 pedestrian
356 16.9512 0.2094 pedestrian
356 21.6351 0.0698 cyclist
356 14.2747 -0.6109 pedestrian
357 16.9512 0.2094 pedestrian
357 21.6351 0.0698 cyclist
357 14.2747 -0.6109 pedestrian
358 16.9512 0.2094 pedestrian
358 21.6351 0.0698 cyclist
358 14.2747 -0.6109 pedestrian
359 16.9512 0.2094 pedestrian
359 21.6351 0.0698 cyclist
359 14.2747 -0.6109 pedestrian
360 16.9512 0.2094 pedestrian
360 21.6351 0.0698 cyclist
360 14.2747 -0.6109 pedestrian
361 17.1742 0.2094 pedestrian
361 21.8581 0.1047 cyclist
361 14.0516 -0.6283 pedestrian
362 17.1742 0.2094 pedestrian
362 21.8581 0.1047 cyclist
362 14.0516 -0.6283 pedestrian
363 17.1742 0.2094 pedestrian
363 21.8581 0.1047 cyclist
363 14.0516 -0.6283 pedestrian
364 17.1742 0.2094 pedestrian
364 21.8581 0.1047 cyclist
364 14.0516 -0.6283 pedestrian
365 17.1742 0.2094 pedestrian
365 21.8581 0.1047 cyclist
365 14.0516 -0.6283 pedestrian
366 17.1742 0.2094 pedestrian
366 21.8581 0.1047 cyclist
366 14.0516 -0.6283 pedestrian
367 17.1742 0.2094 pedestrian
367 21.8581 0.1047 cyclist
367 14.0516 -0.6283 pedestrian
368 17.1742 0.2094 pedestrian
368 21.8581 0.1047 cyclist
368 14.0516 -0.6283 pedestrian
369 17.1742 0.2094 pedestrian
369 21.8581 0.1047 cyclist
369 14.0516 -0.6283 pedestrian
370 17.1742 0.2094 pedestrian
370 21.8581 0.1047 cyclist
370 14.0516 -0.6283 pedestrian
371 17.1742 0.2094 pedestrian
371 22.3042 0.1047 cyclist
371 14.0516 -0.6283 pedestrian
372 17.1742 0.2094 pedestrian
372 22.3042 0.1047 cyclist
372 14.0516 -0.6283 pedestrian
373 17.1742 0.2094 pedestrian
373 22.7503 0.1047 cyclist
373 14.0516 -0.6283 pedestrian
374 17.3973 0.1920 pedestrian
374 22.7503 0.1047 cyclist
374 13.8286 -0.6458 pedestrian
375 17.3973 0.1920 pedestrian
375 22.7503 0.1047 cyclist
375 13.8286 -0.6458 pedestrian
376 17.3973 0.1920 pedestrian
376 22.7503 0.1047 cyclist
376 13.8286 -0.6458 pedestrian
377 17.3973 0.1920 pedestrian
377 22.7503 0.1047 cyclist
377 13.8286 -0.6458 pedestrian
378 17.3973 0.1920 pedestrian
378 22.7503 0.1047 cyclist
378 13.8286 -0.6458 pedestrian
379 17.3973 0.1745 pedestrian
379 22.9733 0.0873 cyclist
379 13.6056 -0.6458 pedestrian
380 17.3973 0.1745 pedestrian
380 22.9733 0.0873 cyclist
380 13.6056 -0.6458 pedestrian
381 17.3973 0.1745 pedestrian
381 22.9733 0.0873 cyclist
381 13.6056 -0.6458 pedestrian
382 17.3973 0.1745 pedestrian
382 22.9733 0.0873 cyclist
382 13.6056 -0.6458 pedestrian
383 17.3973 0.1745 pedestrian
383 23.4194 0.0873 cyclist
383 13.3825 -0.6632 pedestrian
384 17.3973 0.1745 pedestrian
384 23.4194 0.0873 cyclist
384 13.3825 -0.6632 pedestrian
385 17.3973 0.1745 pedestrian
385 23.4194 0.0873 cyclist
385 13.3825 -0.6632 pedestrian
386 17.3973 0.1745 pedestrian
386 23.4194 0.0873 cyclist
386 13.3825 -0.6632 pedestrian
387 17.3973 0.1745 pedestrian
387 23.4194 0.0873 cyclist
387 13.3825 -0.6632 pedestrian
388 17.3973 0.1745 pedestrian
388 23.4194 0.0873 cyclist
388 13.3825 -0.6632 pedestrian
389 17.3973 0.1745 pedestrian
389 23.4194 0.0873 cyclist
389 13.3825 -0.6632 pedestrian
390 17.3973 0.1745 pedestrian
390 23.4194 0.0873 cyclist
390 13.3825 -0.6632 pedestrian
391 17.3973 0.1745 pedestrian
391 23.6424 0.0873 cyclist
391 13.3825 -0.6632 pedestrian
392 17.3973 0.1745 pedestrian
392 23.6424 0.0873 cyclist
392 13.3825 -0.6632 pedestrian
393 17.3973 0.1745 pedestrian
393 23.6424 0.0873 cyclist
393 13.3825 -0.6632 pedestrian
394 17.3973 0.1745 pedestrian
394 23.6424 0.0873 cyclist
394 13.3825 -0.6632 pedestrian
395 17.1742 0.1571 pedestrian
395 23.6424 0.0873 cyclist
395 13.1595 -0.7505 pedestrian
396 17.1742 0.1571 pedestrian
396 23.6424 0.0873 cyclist
396 13.1595 -0.7505 pedestrian
397 17.1742 0.1571 pedestrian
397 23.6424 0.0873 cyclist
397 13.1595 -0.7505 pedestrian
398 17.1742 0.1571 pedestrian
398 23.6424 0.0873 cyclist
398 13.1595 -0.7505 pedestrian
399 17.1742 0.1571 pedestrian
399 24.0885 0.0873 cyclist
399 13.1595 -0.7505 pedestrian
400 17.1742 0.1571 pedestrian
400 24.0885 0.0873 cyclist
400 13.1595 -0.7505 pedestrian
401 17.1742 0.1571 pedestrian
401 24.0885 0.0873 cyclist
401 13.1595 -0.7505 pedestrian
402 16.7281 0.1222 pedestrian
402 24.5346 0.0873 cyclist
402 12.9364 -0.7854 pedestrian
403 16.7281 0.1222 pedestrian
403 24.5346 0.0873 cyclist
403 12.9364 -0.7854 pedestrian
404 16.7281 0.1222 pedestrian
404 24.7576 0.0873 cyclist
404 12.9364 -0.7854 pedestrian
405 16.7281 0.1222 pedestrian
405 24.7576 0.0873 cyclist
405 12.9364 -0.7854 pedestrian
406 16.7281 0.1222 pedestrian
406 24.7576 0.0873 cyclist
406 12.9364 -0.7854 pedestrian
407 16.7281 0.1222 pedestrian
407 24.7576 0.0873 cyclist
407 12.9364 -0.7854 pedestrian
408 16.7281 0.1222 pedestrian
408 24.7576 0.0873 cyclist
408 12.9364 -0.7854 pedestrian
409 16.7281 0.1222 pedestrian
409 24.7576 0.0873 cyclist
409 12.9364 -0.7854 pedestrian
410 16.7281 0.1222 pedestrian
410 24.7576 0.0873 cyclist
410 12.9364 -0.7854 pedestrian
411 16.7281 0.1222 pedestrian
411 24.7576 0.0873 cyclist
411 12.9364 -0.7854 pedestrian
412 16.7281 0.1222 pedestrian
412 12.9364 -0.8378 pedestrian
413 16.7281 0.1222 pedestrian
413 12.9364 -0.8378 pedestrian
414 16.7281 0.1222 pedestrian
414 12.9364 -0.8378 pedestrian
415 16.5051 0.1047 pedestrian
415 12.4903 -0.8378 pedestrian
416 16.5051 0.1047 pedestrian
416 12.4903 -0.8378 pedestrian
417 16.5051 0.1047 pedestrian
417 12.4903 -0.8378 pedestrian
418 16.5051 0.1047 pedestrian
418 12.4903 -0.8378 pedestrian
419 16.5051 0.1047 pedestrian
419 12.4903 -0.8378 pedestrian
420 16.5051 0.1047 pedestrian
420 12.4903 -0.8378 pedestrian
421 16.2821 0.1047 pedestrian
421 12.4903 -0.8378 pedestrian
422 16.2821 0.1047 pedestrian
422 12.4903 -0.8378 pedestrian
423 16.2821 0.1047 pedestrian
423 12.4903 -0.8378 pedestrian
424 16.2821 0.1047 pedestrian
424 12.4903 -0.8378 pedestrian
425 16.2821 0.1047 pedestrian
425 12.4903 -0.8378 pedestrian
426 16.2821 0.1047 pedestrian
426 12.4903 -0.8378 pedestrian
427 16.0590 0.1047 pedestrian
427 12.2673 -0.8552 pedestrian
428 16.0590 0.1047 pedestrian
428 12.2673 -0.8552 pedestrian
429 16.0590 0.1047 pedestrian
429 12.2673 -0.8552 pedestrian
430 16.0590 0.1047 pedestrian
430 12.2673 -0.9425 pedestrian
431 16.0590 0.1047 pedestrian
431 12.2673 -0.9425 pedestrian
432 15.8360 0.0873 pedestrian
432 24.9807 -0.2094 car
433 15.8360 0.0873 pedestrian
433 24.9807 -0.2094 car
434 15.8360 0.0873 pedestrian
434 24.7576 -0.2269 car
435 15.8360 0.0873 pedestrian
435 24.5346 -0.2269 car
436 15.8360 0.0873 pedestrian
436 23.8655 -0.2269 car
437 15.8360 0.0873 pedestrian
437 23.8655 -0.2269 car
438 15.8360 0.0873 pedestrian
438 23.4194 -0.2269 car
439 15.8360 0.0873 pedestrian
439 23.4194 -0.2269 car
440 15.3899 0.0873 pedestrian
440 22.9733 -0.2269 car
441 15.3899 0.0873 pedestrian
441 22.9733 -0.2269 car
442 15.3899 0.0873 pedestrian
442 22.5272 -0.2269 car
443 15.3899 0.0873 pedestrian
443 22.5272 -0.2269 car
444 15.3899 0.0873 pedestrian
444 21.8581 -0.2443 car
445 15.3899 0.0873 pedestrian
445 21.8581 -0.2443 car
446 15.3899 0.0873 pedestrian
446 21.4120 -0.2443 car
447 15.3899 0.0873 pedestrian
447 21.4120 -0.2443 car
448 15.3899 0.0873 pedestrian
448 20.7429 -0.2443 car
449 15.3899 0.0873 pedestrian
449 20.7429 -0.2443 car
450 15.1668 0.0873 pedestrian
450 20.0738 -0.2443 car
451 15.1668 0.0873 pedestrian
451 20.0738 -0.2443 car
452 15.1668 0.0873 pedestrian
452 19.8507 -0.2618 car
453 15.1668 0.0873 pedestrian
453 19.6277 -0.2618 car
454 15.1668 0.0873 pedestrian
454 19.4046 -0.2793 car
455 15.1668 0.0873 pedestrian
455 19.4046 -0.2793 car
456 14.9438 0.0873 pedestrian
456 18.7355 -0.2967 car
457 14.9438 0.0873 pedestrian
457 18.5125 -0.2967 car
458 14.9438 0.0873 pedestrian
458 18.5125 -0.2967 car
459 14.9438 0.0873 pedestrian
459 18.5125 -0.2967 car
460 14.9438 0.0873 pedestrian
460 17.6203 -0.3316 car
461 14.7208 0.1047 pedestrian
461 17.1742 -0.3316 car
462 14.7208 0.1047 pedestrian
462 17.1742 -0.3316 car
463 14.7208 0.1047 pedestrian
463 16.7281 -0.3316 car
464 14.7208 0.1047 pedestrian
464 16.7281 -0.3316 car
465 14.4977 0.1047 pedestrian
465 16.7281 -0.3316 car
466 14.4977 0.1047 pedestrian
466 16.2821 -0.3665 car
467 14.4977 0.1047 pedestrian
467 15.8360 -0.3665 car
468 14.4977 0.1047 pedestrian
468 15.8360 -0.3665 car
469 14.4977 0.1047 pedestrian
469 15.1668 -0.3665 car
470 14.4977 0.1047 pedestrian
470 15.1668 -0.3665 car
471 14.4977 0.0349 pedestrian
471 14.7208 -0.3665 car
472 14.4977 0.0349 pedestrian
472 14.7208 -0.3665 car
473 14.2747 0.1222 pedestrian
473 14.2747 -0.4189 car
474 14.2747 0.1222 pedestrian
474 14.2747 -0.4189 car
475 14.2747 0.1222 pedestrian
475 13.8286 -0.4189 car
476 14.2747 0.1222 pedestrian
476 13.8286 -0.4189 car
477 14.0516 0.1222 pedestrian
477 13.3825 -0.4363 car
478 14.0516 0.1222 pedestrian
478 13.1595 -0.4363 car
479 14.0516 0.1222 pedestrian
479 13.1595 -0.4363 car
480 14.0516 0.1222 pedestrian
480 13.1595 -0.4363 car
481 14.0516 0.1222 pedestrian
481 13.1595 -0.4363 car
482 14.0516 0.1222 pedestrian
482 12.7134 -0.4538 car
483 14.0516 0.1222 pedestrian
483 12.7134 -0.4538 car
484 14.0516 0.1222 pedestrian
484 12.7134 -0.4538 car
485 14.0516 0.1222 pedestrian
485 12.7134 -0.4538 car
486 13.8286 0.1222 pedestrian
486 12.2673 -0.4887 car
487 13.8286 0.1222 pedestrian
487 12.2673 -0.4887 car
488 13.8286 0.1222 pedestrian
488 11.8212 -0.5061 car
489 13.8286 0.1222 pedestrian
489 11.8212 -0.5061 car
490 13.8286 0.1222 pedestrian
490 11.8212 -0.5061 car
491 13.8286 0.1222 pedestrian
491 11.3751 -0.5585 car
492 13.8286 0.1222 pedestrian
492 11.3751 -0.5585 car
493 13.6056 0.1396 pedestrian
493 10.7060 -0.5760 car
494 13.6056 0.1396 pedestrian
494 10.7060 -0.5760 car
495 13.6056 0.1396 pedestrian
495 10.7060 -0.5760 car
496 13.6056 0.1396 pedestrian
496 10.0369 -0.6109 car
497 13.6056 0.1396 pedestrian
497 10.0369 -0.6109 car
498 13.6056 0.1396 pedestrian
498 10.0369 -0.6109 car
499 13.6056 0.1396 pedestrian
499 10.0369 -0.6109 car
500 13.3825 0.1571 pedestrian
500 9.3678 -0.6632 car
501 13.3825 0.1571 pedestrian
501 9.3678 -0.6632 car
502 13.3825 0.1571 pedestrian
502 9.3678 -0.6632 car
503 13.3825 0.1571 pedestrian
503 9.3678 -0.6632 car
504 13.3825 0.1571 pedestrian
504 8.9217 -0.7156 car
505 13.3825 0.1571 pedestrian
505 8.9217 -0.7156 car
506 13.1595 0.1571 pedestrian
506 8.4756 -0.7156 car
507 13.1595 0.1571 pedestrian
507 8.4756 -0.7156 car
508 13.1595 0.1571 pedestrian
508 8.4756 -0.7156 car
509 13.1595 0.1571 pedestrian
509 8.0295 -0.7679 car
510 13.1595 0.1571 pedestrian
510 8.0295 -0.7679 car
511 13.1595 0.1571 pedestrian
511 8.0295 -0.7679 car
512 13.1595 0.1571 pedestrian
512 8.0295 -0.7679 car
513 13.1595 0.1571 pedestrian
513 7.5834 -0.8378 car
514 13.1595 0.1571 pedestrian
514 7.5834 -0.8378 car
515 13.1595 0.1571 pedestrian
515 7.5834 -0.8378 car
516 12.9364 0.1571 pedestrian
516 7.1373 -0.9076 car
517 12.9364 0.1571 pedestrian
517 7.1373 -0.9076 car
518 12.9364 0.1571 pedestrian
518 7.1373 -0.9076 car
519 12.9364 0.1571 pedestrian
519 7.1373 -0.9076 car
520 12.7134 0.1745 pedestrian
520 6.9143 -0.9425 car
521 12.7134 0.1745 pedestrian
521 6.9143 -0.9425 car
522 12.7134 0.1745 pedestrian
522 6.9143 -0.9425 car
523 12.7134 0.1745 pedestrian
523 6.9143 -0.9425 car
524 12.7134 0.1745 pedestrian
524 6.4682 -0.9599 car
525 12.7134 0.1745 pedestrian
525 6.4682 -0.9599 car
526 12.7134 0.1745 pedestrian
526 6.4682 -0.9599 car
527 12.7134 0.1745 pedestrian
527 6.4682 -0.9599 car
528 12.7134 0.1745 pedestrian
528 6.4682 -0.9599 car
529 12.7134 0.1745 pedestrian
529 6.4682 -0.9599 car
530 12.2673 0.1920 pedestrian
530 6.4682 -1.0123 car
531 12.2673 0.1920 pedestrian
531 6.4682 -1.0123 car
532 12.2673 0.1920 pedestrian
532 6.4682 -1.0123 car
533 12.2673 0.1920 pedestrian
533 6.2452 -1.0297 car
534 12.2673 0.1920 pedestrian
534 6.2452 -1.0297 car
535 12.2673 0.1920 pedestrian
535 6.2452 -1.0297 car
536 12.2673 0.1920 pedestrian
537 12.2673 0.1920 pedestrian
538 12.2673 0.1920 pedestrian
539 12.2673 0.1920 pedestrian
540 12.0443 0.2094 pedestrian
541 12.0443 0.2094 pedestrian
542 12.0443 0.2094 pedestrian
543 12.0443 0.2094 pedestrian
544 12.0443 0.2094 pedestrian
545 12.0443 0.2094 pedestrian
546 12.0443 0.2094 pedestrian
547 12.0443 0.2094 pedestrian
548 12.0443 0.2094 pedestrian
549 12.0443 0.2094 pedestrian
550 12.0443 0.2094 pedestrian
551 11.5982 0.2269 pedestrian
552 11.5982 0.2269 pedestrian
553 11.5982 0.2269 pedestrian
554 11.5982 0.2269 pedestrian
555 11.5982 0.2269 pedestrian
556 11.5982 0.2269 pedestrian
556 23.1963 -0.2094 cyclist
557 11.5982 0.2269 pedestrian
557 23.1963 -0.2094 cyclist
558 11.5982 0.2269 pedestrian
558 23.1963 -0.2094 cyclist
559 11.5982 0.2269 pedestrian
559 23.1963 -0.2094 cyclist
560 11.5982 0.2269 pedestrian
560 22.5272 -0.2094 cyclist
561 11.3751 0.2269 pedestrian
561 22.5272 -0.2094 cyclist
562 11.3751 0.2269 pedestrian
562 22.5272 -0.2094 cyclist
563 11.3751 0.2269 pedestrian
563 22.5272 -0.2094 cyclist
564 11.3751 0.2269 pedestrian
564 22.3042 -0.2269 cyclist
565 11.3751 0.2269 pedestrian
565 22.3042 -0.2269 cyclist
566 11.3751 0.2269 pedestrian
566 22.3042 -0.2269 cyclist
567 11.3751 0.2269 pedestrian
567 22.3042 -0.2269 cyclist
568 11.3751 0.2269 pedestrian
568 22.3042 -0.2269 cyclist
569 10.9290 0.2269 pedestrian
569 22.3042 -0.2269 cyclist
570 10.9290 0.2269 pedestrian
570 21.6351 -0.2443 cyclist
571 10.9290 0.2269 pedestrian
571 21.6351 -0.2443 cyclist
572 10.9290 0.2269 pedestrian
572 21.6351 -0.2443 cyclist
573 10.9290 0.2269 pedestrian
573 21.6351 -0.2443 cyclist
574 10.9290 0.2269 pedestrian
574 21.6351 -0.2443 cyclist
575 10.9290 0.2269 pedestrian
575 21.6351 -0.2443 cyclist
576 10.9290 0.2269 pedestrian
576 21.6351 -0.2443 cyclist
577 10.9290 0.2269 pedestrian
577 20.9659 -0.2269 cyclist
578 10.9290 0.2269 pedestrian
578 20.9659 -0.2269 cyclist
579 10.9290 0.2269 pedestrian
579 20.9659 -0.2269 cyclist
580 10.9290 0.2269 pedestrian
580 20.9659 -0.2269 cyclist
581 10.9290 0.2269 pedestrian
581 20.9659 -0.2269 cyclist
582 10.7060 0.2269 pedestrian
582 20.9659 -0.2269 cyclist
583 10.7060 0.2269 pedestrian
583 20.9659 -0.2269 cyclist
584 10.7060 0.2269 pedestrian
584 20.5198 -0.2443 cyclist
585 10.7060 0.2269 pedestrian
585 20.5198 -0.2443 cyclist
586 10.7060 0.2269 pedestrian
586 20.5198 -0.2443 cyclist
587 10.7060 0.2269 pedestrian
587 20.0738 -0.2443 cyclist
588 10.7060 0.2269 pedestrian
588 20.0738 -0.2443 cyclist
589 10.4830 0.2269 pedestrian
589 20.0738 -0.2443 cyclist
590 10.4830 0.2269 pedestrian
590 20.0738 -0.2443 cyclist
591 10.4830 0.2269 pedestrian
591 19.6277 -0.2443 cyclist
592 10.4830 0.2269 pedestrian
592 19.6277 -0.2443 cyclist
593 10.4830 0.2269 pedestrian
593 19.6277 -0.2443 cyclist
594 10.4830 0.2269 pedestrian
594 19.6277 -0.2443 cyclist
595 10.4830 0.2269 pedestrian
595 19.6277 -0.2443 cyclist
596 10.4830 0.2269 pedestrian
596 19.6277 -0.2443 cyclist
597 10.4830 0.2269 pedestrian
597 19.1816 -0.2618 cyclist
598 10.0369 0.2269 pedestrian
598 19.1816 -0.2618 cyclist
599 10.0369 0.2269 pedestrian
599 19.1816 -0.2618 cyclist
600 10.0369 0.2269 pedestrian
600 19.1816 -0.2618 cyclist
601 10.0369 0.2269 pedestrian
601 19.1816 -0.2618 cyclist
602 10.0369 0.2269 pedestrian
602 19.1816 -0.2618 cyclist
603 10.0369 0.2269 pedestrian
603 18.9586 -0.2967 cyclist
604 10.0369 0.2269 pedestrian
604 18.9586 -0.2967 cyclist
605 10.0369 0.2269 pedestrian
605 18.9586 -0.2967 cyclist
606 10.0369 0.2269 pedestrian
606 18.9586 -0.2967 cyclist
607 10.0369 0.2269 pedestrian
607 18.9586 -0.2967 cyclist
608 10.0369 0.2269 pedestrian
608 18.2894 -0.2967 cyclist
609 10.0369 0.2094 pedestrian
609 18.2894 -0.2967 cyclist
610 10.0369 0.2269 pedestrian
610 18.2894 -0.2967 cyclist
611 9.8138 0.2094 pedestrian
611 18.2894 -0.2967 cyclist
612 9.8138 0.2094 pedestrian
612 18.0664 -0.3491 cyclist
613 9.8138 0.2094 pedestrian
613 18.0664 -0.3491 cyclist
614 9.8138 0.2094 pedestrian
614 18.0664 -0.3491 cyclist
615 9.8138 0.2094 pedestrian
615 18.0664 -0.3491 cyclist
616 9.8138 0.2094 pedestrian
616 18.0664 -0.3491 cyclist
617 9.5908 0.1920 pedestrian
617 18.0664 -0.3491 cyclist
618 9.5908 0.1920 pedestrian
618 18.0664 -0.3491 cyclist
619 9.5908 0.1920 pedestrian
619 18.0664 -0.3491 cyclist
620 9.5908 0.1920 pedestrian
620 18.0664 -0.3491 cyclist
621 9.5908 0.1920 pedestrian
621 17.3973 -0.3491 cyclist
622 9.5908 0.1920 pedestrian
622 17.3973 -0.3491 cyclist
623 9.5908 0.1920 pedestrian
623 17.3973 -0.3491 cyclist
624 9.5908 0.1920 pedestrian
624 17.3973 -0.3491 cyclist
625 9.5908 0.1920 pedestrian
625 17.3973 -0.3491 cyclist
626 9.5908 0.1920 pedestrian
626 17.3973 -0.3491 cyclist
627 9.5908 0.1920 pedestrian
627 16.9512 -0.3665 cyclist
628 9.5908 0.1920 pedestrian
628 16.9512 -0.3665 cyclist
629 9.5908 0.1920 pedestrian
629 16.9512 -0.3665 cyclist
630 9.3678 0.1396 pedestrian
630 16.9512 -0.3665 cyclist
631 9.3678 0.1396 pedestrian
631 16.9512 -0.3665 cyclist
632 9.3678 0.1396 pedestrian
632 16.9512 -0.3665 cyclist
633 9.3678 0.1396 pedestrian
633 16.5051 -0.4014 cyclist
634 9.3678 0.1396 pedestrian
634 16.5051 -0.4014 cyclist
635 9.3678 0.1396 pedestrian
635 16.5051 -0.4014 cyclist
636 9.3678 0.1396 pedestrian
636 16.5051 -0.4014 cyclist
637 9.1447 0.1396 pedestrian
637 16.5051 -0.4014 cyclist
638 9.1447 0.1396 pedestrian
638 16.5051 -0.4014 cyclist
639 9.1447 0.1396 pedestrian
639 16.5051 -0.4014 cyclist
640 9.1447 0.1396 pedestrian
640 16.5051 -0.4014 cyclist
641 9.1447 0.1396 pedestrian
641 15.8360 -0.4014 cyclist
642 9.1447 0.1396 pedestrian
642 15.8360 -0.4014 cyclist
643 9.1447 0.1396 pedestrian
643 15.8360 -0.4014 cyclist
644 9.1447 0.1396 pedestrian
644 15.8360 -0.4014 cyclist
645 9.1447 0.1396 pedestrian
645 15.8360 -0.4014 cyclist
646 9.1447 0.1396 pedestrian
646 15.8360 -0.4014 cyclist
647 9.1447 0.1396 pedestrian
647 15.8360 -0.4014 cyclist
648 9.1447 0.1396 pedestrian
648 15.3899 -0.4189 cyclist
649 9.1447 0.1396 pedestrian
649 15.3899 -0.4189 cyclist
649 24.3116 -0.2793 pedestrian
650 8.6986 0.1047 pedestrian
650 15.3899 -0.4189 cyclist
650 24.3116 -0.2793 pedestrian
651 8.6986 0.1047 pedestrian
651 15.3899 -0.4189 cyclist
651 24.3116 -0.2793 pedestrian
652 8.6986 0.1047 pedestrian
652 15.3899 -0.4189 cyclist
652 24.3116 -0.2793 pedestrian
653 8.6986 0.1047 pedestrian
653 15.3899 -0.4189 cyclist
653 24.3116 -0.2793 pedestrian
654 8.6986 0.1047 pedestrian
654 15.3899 -0.4189 cyclist
654 23.8655 -0.3142 pedestrian
655 8.6986 0.1047 pedestrian
655 14.9438 -0.4189 cyclist
655 23.6424 -0.2967 pedestrian
656 8.6986 0.1047 pedestrian
656 14.9438 -0.4189 cyclist
656 23.6424 -0.2967 pedestrian
657 8.6986 0.1047 pedestrian
657 14.9438 -0.4189 cyclist
657 23.6424 -0.2967 pedestrian
658 8.6986 0.1047 pedestrian
658 14.9438 -0.4189 cyclist
658 23.6424 -0.2967 pedestrian
659 8.6986 0.1047 pedestrian
659 14.9438 -0.4189 cyclist
659 23.1963 -0.3142 pedestrian
660 8.6986 0.1047 pedestrian
660 14.9438 -0.4189 cyclist
660 23.1963 -0.3142 pedestrian
661 8.4756 0.1047 pedestrian
661 14.9438 -0.4189 cyclist
661 23.1963 -0.3142 pedestrian
662 8.4756 0.1047 pedestrian
662 14.2747 -0.4712 cyclist
662 22.9733 -0.3316 pedestrian
663 8.4756 0.1047 pedestrian
663 14.2747 -0.4712 cyclist
663 22.9733 -0.3316 pedestrian
664 8.4756 0.1047 pedestrian
664 14.2747 -0.4712 cyclist
664 22.9733 -0.3316 pedestrian
665 8.4756 0.1047 pedestrian
665 14.2747 -0.4712 cyclist
665 22.9733 -0.3316 pedestrian
666 8.4756 0.1047 pedestrian
666 14.2747 -0.4712 cyclist
666 22.7503 -0.3491 pedestrian
667 8.2525 0.0524 pedestrian
667 14.2747 -0.4712 cyclist
667 22.7503 -0.3491 pedestrian
668 8.2525 0.0524 pedestrian
668 13.8286 -0.4887 cyclist
668 22.7503 -0.3491 pedestrian
669 8.2525 0.0524 pedestrian
669 13.8286 -0.4887 cyclist
669 22.3042 -0.3491 pedestrian
670 8.2525 0.0524 pedestrian
670 13.8286 -0.4887 cyclist
670 22.3042 -0.3491 pedestrian
671 8.2525 0.0524 pedestrian
671 13.8286 -0.4887 cyclist
671 22.3042 -0.3491 pedestrian
672 8.2525 0.0524 pedestrian
672 13.8286 -0.4887 cyclist
672 22.3042 -0.3491 pedestrian
673 8.2525 0.0524 pedestrian
673 13.8286 -0.4887 cyclist
673 21.8581 -0.3491 pedestrian
674 8.2525 0.0524 pedestrian
674 13.8286 -0.4887 cyclist
674 21.8581 -0.3491 pedestrian
675 8.2525 0.0524 pedestrian
675 13.8286 -0.4887 cyclist
675 21.8581 -0.3491 pedestrian
676 8.2525 0.0524 pedestrian
676 13.8286 -0.4887 cyclist
676 21.4120 -0.3491 pedestrian
677 8.2525 0.0524 pedestrian
677 13.8286 -0.4887 cyclist
677 21.4120 -0.3491 pedestrian
678 8.0295 0.0349 pedestrian
678 13.1595 -0.5411 cyclist
678 21.4120 -0.3491 pedestrian
679 8.0295 0.0349 pedestrian
679 13.1595 -0.5411 cyclist
679 21.4120 -0.3491 pedestrian
680 8.0295 0.0349 pedestrian
680 13.1595 -0.5411 cyclist
680 20.9659 -0.3491 pedestrian
681 8.0295 0.0349 pedestrian
681 13.1595 -0.5411 cyclist
681 20.9659 -0.3491 pedestrian
682 8.0295 0.0349 pedestrian
682 13.1595 -0.5411 cyclist
682 20.9659 -0.3491 pedestrian
683 8.0295 0.0349 pedestrian
683 13.1595 -0.5411 cyclist
683 20.9659 -0.3491 pedestrian
684 8.0295 0.0349 pedestrian
684 13.1595 -0.5411 cyclist
684 20.7429 -0.3491 pedestrian
685 8.0295 0.0349 pedestrian
685 13.1595 -0.5411 cyclist
685 20.7429 -0.3491 pedestrian
686 7.8065 0.0175 pedestrian
686 12.7134 -0.5411 cyclist
686 20.7429 -0.3491 pedestrian
687 7.8065 0.0175 pedestrian
687 12.7134 -0.5411 cyclist
687 20.5198 -0.3316 pedestrian
688 7.8065 0.0175 pedestrian
688 12.7134 -0.5411 cyclist
688 20.5198 -0.3316 pedestrian
689 7.8065 0.0175 pedestrian
689 12.7134 -0.5411 cyclist
689 20.5198 -0.3316 pedestrian
690 7.8065 0.0175 pedestrian
690 12.7134 -0.5411 cyclist
690 20.5198 -0.3316 pedestrian
691 7.8065 0.0175 pedestrian
691 12.7134 -0.5411 cyclist
691 20.5198 -0.3316 pedestrian
692 7.8065 0.0175 pedestrian
692 12.7134 -0.5411 cyclist
692 20.2968 -0.3491 pedestrian
693 7.8065 0.0175 pedestrian
693 12.7134 -0.5411 cyclist
693 20.2968 -0.3491 pedestrian
694 7.5834 0.0000 pedestrian
694 12.2673 -0.5934 cyclist
694 20.0738 -0.3840 pedestrian
695 7.5834 0.0000 pedestrian
695 12.2673 -0.5934 cyclist
695 20.0738 -0.3840 pedestrian
695 3.5687 -0.8552 car
696 7.5834 0.0000 pedestrian
696 12.2673 -0.5934 cyclist
696 20.0738 -0.3840 pedestrian
696 3.5687 -0.8552 car
697 7.5834 0.0000 pedestrian
697 12.2673 -0.5934 cyclist
697 20.0738 -0.3840 pedestrian
697 3.5687 -0.8552 car
698 7.5834 0.0000 pedestrian
698 12.2673 -0.5934 cyclist
698 20.0738 -0.3840 pedestrian
698 3.5687 -0.8552 car
699 7.5834 0.0000 pedestrian
699 12.2673 -0.5934 cyclist
699 19.4046 -0.4189 pedestrian
699 4.0148 -0.7679 car
700 7.5834 0.0000 pedestrian
700 12.2673 -0.5934 cyclist
700 19.4046 -0.4189 pedestrian
700 4.0148 -0.7679 car
701 7.5834 0.0000 pedestrian
701 12.2673 -0.5934 cyclist
701 19.4046 -0.4189 pedestrian
701 4.0148 -0.7679 car
702 7.3604 0.0175 pedestrian
702 12.0443 -0.6458 cyclist
702 19.4046 -0.4189 pedestrian
702 4.2378 -0.7330 car
703 7.3604 0.0175 pedestrian
703 12.0443 -0.6458 cyclist
703 19.4046 -0.4189 pedestrian
703 4.2378 -0.7330 car
704 7.1373 0.0349 pedestrian
704 12.0443 -0.6458 cyclist
704 18.9586 -0.4189 pedestrian
704 4.2378 -0.7330 car
705 7.1373 0.0349 pedestrian
705 12.0443 -0.6458 cyclist
705 18.9586 -0.4189 pedestrian
705 4.2378 -0.7330 car
706 7.1373 0.0349 pedestrian
706 12.0443 -0.6458 cyclist
706 18.9586 -0.4189 pedestrian
706 4.2378 -0.7330 car
707 7.1373 0.0349 pedestrian
707 12.0443 -0.6458 cyclist
707 18.9586 -0.4189 pedestrian
707 4.2378 -0.7330 car
708 7.1373 0.0349 pedestrian
708 12.0443 -0.6458 cyclist
708 18.9586 -0.4189 pedestrian
708 4.2378 -0.7330 car
709 7.1373 0.0349 pedestrian
709 11.3751 -0.6807 cyclist
709 18.5125 -0.4538 pedestrian
709 4.0148 -0.8029 car
710 7.1373 0.0349 pedestrian
710 11.3751 -0.6807 cyclist
710 18.5125 -0.4538 pedestrian
710 4.0148 -0.8029 car
711 7.1373 0.0349 pedestrian
711 11.3751 -0.6807 cyclist
711 18.5125 -0.4538 pedestrian
711 4.0148 -0.8029 car
712 6.6913 0.0349 pedestrian
712 18.5125 -0.4538 pedestrian
712 4.0148 -0.8029 car
713 6.9143 0.0349 pedestrian
713 18.5125 -0.4538 pedestrian
713 4.0148 -0.7330 car
714 6.9143 0.0349 pedestrian
714 18.0664 -0.5411 pedestrian
714 4.0148 -0.7330 car
715 6.9143 0.0349 pedestrian
715 18.0664 -0.5411 pedestrian
715 4.0148 -0.7330 car
716 6.9143 0.0349 pedestrian
716 18.0664 -0.5411 pedestrian
716 4.4608 -0.6807 car
717 6.9143 0.0349 pedestrian
717 18.0664 -0.5411 pedestrian
717 4.4608 -0.6807 car
718 6.9143 0.0349 pedestrian
718 18.0664 -0.5411 pedestrian
718 4.4608 -0.6807 car
719 6.9143 0.0349 pedestrian
719 18.0664 -0.5411 pedestrian
719 4.4608 -0.6807 car
720 6.9143 0.0349 pedestrian
720 17.3973 -0.5585 pedestrian
720 4.4608 -0.6807 car
721 6.9143 0.0349 pedestrian
721 17.3973 -0.5585 pedestrian
721 4.4608 -0.6807 car
722 6.9143 0.0349 pedestrian
722 17.3973 -0.5585 pedestrian
722 4.4608 -0.6807 car
723 6.4682 0.0349 pedestrian
723 17.3973 -0.5585 pedestrian
723 4.9069 -0.6283 car
724 6.4682 0.0349 pedestrian
724 4.9069 -0.6283 car
725 6.4682 0.0349 pedestrian
725 4.9069 -0.6283 car
726 6.4682 0.0349 pedestrian
726 4.9069 -0.6283 car
727 6.4682 0.0698 pedestrian
727 5.3530 -0.5585 car
728 6.4682 0.0698 pedestrian
728 5.3530 -0.5585 car
729 6.4682 0.0698 pedestrian
729 5.3530 -0.5585 car
730 6.4682 0.0873 pedestrian
730 5.7991 -0.4887 car
731 6.4682 0.0873 pedestrian
731 5.7991 -0.4887 car
732 6.4682 0.0873 pedestrian
732 6.2452 -0.4189 car
733 6.4682 0.0873 pedestrian
733 6.2452 -0.4189 car
734 6.4682 0.0873 pedestrian
734 6.2452 -0.4189 car
735 6.4682 0.1222 pedestrian
735 6.2452 -0.4189 car
736 6.4682 0.1222 pedestrian
736 6.2452 -0.4189 car
737 6.4682 0.1222 pedestrian
737 6.6913 -0.3665 car
738 6.4682 0.1222 pedestrian
738 6.6913 -0.3665 car
739 6.4682 0.1222 pedestrian
739 6.6913 -0.3665 car
740 6.4682 0.1222 pedestrian
740 7.1373 -0.3316 car
741 6.4682 0.1222 pedestrian
741 7.1373 -0.3316 car
742 6.4682 0.1222 pedestrian
742 7.1373 -0.3316 car
743 6.2452 0.1745 pedestrian
743 7.5834 -0.2793 car
744 6.2452 0.1745 pedestrian
744 7.5834 -0.2793 car
745 6.2452 0.1745 pedestrian
745 7.5834 -0.2793 car
746 6.2452 0.1745 pedestrian
746 7.5834 -0.2793 car
746 15.3899 -0.5760 pedestrian
747 6.2452 0.1745 pedestrian
747 8.2525 -0.2443 car
747 15.3899 -0.5760 pedestrian
748 6.2452 0.1745 pedestrian
748 8.2525 -0.2443 car
748 15.1668 -0.5934 pedestrian
749 6.2452 0.1745 pedestrian
749 8.2525 -0.2443 car
749 15.1668 -0.5934 pedestrian
750 6.2452 0.1745 pedestrian
750 8.2525 -0.2443 car
750 14.9438 -0.5760 pedestrian
751 6.4682 0.2094 pedestrian
751 8.6986 -0.2269 car
751 14.9438 -0.5760 pedestrian
752 6.4682 0.2094 pedestrian
752 8.6986 -0.2269 car
752 14.9438 -0.5760 pedestrian
753 6.4682 0.2094 pedestrian
753 9.1447 -0.1920 car
753 14.7208 -0.5934 pedestrian
753 2.8995 -0.8901 car
754 6.4682 0.2094 pedestrian
754 9.1447 -0.1920 car
754 14.7208 -0.5934 pedestrian
754 2.8995 -0.8901 car
755 6.4682 0.2094 pedestrian
755 9.1447 -0.1920 car
755 14.7208 -0.5934 pedestrian
755 2.8995 -0.8901 car
756 6.4682 0.2094 pedestrian
756 9.1447 -0.1920 car
756 14.7208 -0.5934 pedestrian
756 2.8995 -0.8901 car
757 6.4682 0.2094 pedestrian
757 9.5908 -0.1745 car
757 14.7208 -0.5934 pedestrian
757 3.1226 -0.8378 car
758 6.4682 0.2094 pedestrian
758 10.0369 -0.1745 car
758 14.2747 -0.6283 pedestrian
758 3.1226 -0.8378 car
759 6.4682 0.2094 pedestrian
759 10.0369 -0.1745 car
759 14.2747 -0.6283 pedestrian
759 3.3456 -0.7679 car
760 6.4682 0.2094 pedestrian
760 10.0369 -0.1745 car
760 14.2747 -0.6283 pedestrian
760 3.3456 -0.7679 car
761 6.4682 0.2618 pedestrian
761 10.4830 -0.1222 car
761 14.0516 -0.6632 pedestrian
761 3.3456 -0.7330 car
762 6.4682 0.2618 pedestrian
762 10.4830 -0.1222 car
762 14.0516 -0.6632 pedestrian
762 3.3456 -0.7330 car
763 6.4682 0.2618 pedestrian
763 10.4830 -0.1222 car
763 14.0516 -0.6632 pedestrian
763 3.3456 -0.7330 car
764 6.4682 0.2618 pedestrian
764 11.1521 -0.1047 car
764 13.8286 -0.6632 pedestrian
764 3.3456 -0.6632 car
765 6.4682 0.2618 pedestrian
765 11.1521 -0.1047 car
765 13.8286 -0.6632 pedestrian
765 3.3456 -0.6632 car
766 6.6913 0.2967 pedestrian
766 11.1521 -0.1047 car
766 3.3456 -0.6632 car
767 6.6913 0.2967 pedestrian
767 11.5982 -0.1047 car
767 3.3456 -0.6632 car
768 6.6913 0.2967 pedestrian
768 11.5982 -0.1047 car
768 3.3456 -0.6632 car
769 6.6913 0.2967 pedestrian
769 11.5982 -0.1047 car
769 3.5687 -0.6109 car
770 6.6913 0.2967 pedestrian
770 12.2673 -0.1047 car
770 3.5687 -0.6109 car
771 6.6913 0.2967 pedestrian
771 12.2673 -0.1047 car
771 3.5687 -0.6109 car
772 6.6913 0.2967 pedestrian
772 12.2673 -0.1047 car
772 3.5687 -0.6109 car
773 6.6913 0.2967 pedestrian
773 12.7134 -0.0698 car
773 3.7917 -0.5760 car
774 6.6913 0.2967 pedestrian
774 12.7134 -0.0698 car
774 3.7917 -0.5760 car
775 6.9143 0.3142 pedestrian
775 13.1595 -0.0698 car
775 3.7917 -0.5760 car
776 6.9143 0.3142 pedestrian
776 13.1595 -0.0698 car
776 3.7917 -0.5760 car
777 6.9143 0.3142 pedestrian
777 13.1595 -0.0698 car
777 3.7917 -0.5760 car
778 6.9143 0.3142 pedestrian
778 13.8286 -0.0698 car
778 3.7917 -0.5760 car
779 6.9143 0.3142 pedestrian
779 13.8286 -0.0698 car
779 4.2378 -0.4712 car
780 6.9143 0.3142 pedestrian
780 13.8286 -0.0698 car
780 4.2378 -0.4712 car
781 6.9143 0.3142 pedestrian
781 14.4977 -0.0524 car
781 4.2378 -0.4712 car
782 6.9143 0.3142 pedestrian
782 14.4977 -0.0524 car
782 4.2378 -0.4712 car
783 7.1373 0.3491 pedestrian
783 14.7208 -0.0175 car
783 4.6839 -0.4712 car
784 7.1373 0.3491 pedestrian
784 14.7208 -0.0175 car
784 4.6839 -0.4712 car
785 7.1373 0.3491 pedestrian
785 15.1668 0.0000 car
785 4.6839 -0.4712 car
786 7.1373 0.3491 pedestrian
786 15.6129 0.0000 car
786 4.6839 -0.4712 car
787 7.1373 0.3491 pedestrian
787 15.6129 0.0000 car
787 4.6839 -0.4363 car
788 7.3604 0.3142 pedestrian
788 15.8360 0.0000 car
788 5.1300 -0.3840 car
789 7.3604 0.3142 pedestrian
789 15.8360 0.0000 car
789 5.1300 -0.3840 car
790 7.3604 0.3142 pedestrian
790 16.7281 -0.0175 car
790 5.1300 -0.3840 car
791 7.3604 0.3142 pedestrian
791 16.7281 -0.0175 car
791 5.1300 -0.3840 car
792 7.3604 0.3142 pedestrian
792 16.7281 -0.0175 car
792 5.1300 -0.3840 car
793 7.5834 0.3142 pedestrian
793 16.9512 0.0000 car
793 5.5760 -0.3142 car
794 7.5834 0.3142 pedestrian
794 16.9512 0.0000 car
794 5.5760 -0.3142 car
795 7.5834 0.3142 pedestrian
795 17.6203 0.0000 car
795 6.0221 -0.2618 car
796 7.5834 0.3142 pedestrian
796 17.6203 0.0000 car
796 6.0221 -0.2618 car
797 7.5834 0.3142 pedestrian
797 18.0664 0.0175 car
797 6.6913 -0.2094 car
798 7.5834 0.3142 pedestrian
798 18.0664 0.0175 car
798 6.6913 -0.2094 car
799 7.5834 0.3142 pedestrian
799 18.5125 0.0175 car
799 6.6913 -0.2094 car
800 7.5834 0.3142 pedestrian
800 18.9586 0.0175 car
800 6.6913 -0.2094 car
801 7.8065 0.3142 pedestrian
801 18.9586 0.0175 car
801 6.6913 -0.2094 car
802 7.8065 0.3142 pedestrian
802 18.9586 0.0175 car
802 6.6913 -0.2094 car
803 7.8065 0.3142 pedestrian
803 19.4046 0.0349 car
803 7.3604 -0.1745 car
804 7.8065 0.3142 pedestrian
804 19.4046 0.0349 car
804 7.3604 -0.1745 car
805 7.8065 0.3142 pedestrian
805 19.8507 0.0524 car
805 7.3604 -0.1745 car
806 7.8065 0.3142 pedestrian
806 20.2968 0.0349 car
806 7.3604 -0.1745 car
807 7.8065 0.3142 pedestrian
807 20.2968 0.0349 car
807 7.3604 -0.1745 car
808 7.8065 0.3142 pedestrian
808 20.5198 0.0698 car
808 7.8065 -0.1396 car
809 7.8065 0.3142 pedestrian
809 20.5198 0.0698 car
809 7.8065 -0.1396 car
810 8.2525 0.2967 pedestrian
810 20.9659 0.0698 car
810 8.2525 -0.1222 car
811 8.2525 0.2967 pedestrian
811 20.9659 0.0698 car
811 8.2525 -0.1222 car
812 8.2525 0.2967 pedestrian
812 21.6351 0.0698 car
812 8.6986 -0.1047 car
813 8.2525 0.2967 pedestrian
813 21.6351 0.0698 car
813 8.6986 -0.1047 car
814 8.2525 0.2967 pedestrian
814 22.0811 0.1047 car
814 9.1447 -0.0873 car
815 8.2525 0.2967 pedestrian
815 22.0811 0.1047 car
815 9.1447 -0.0873 car
816 8.2525 0.2967 pedestrian
816 22.7503 0.1047 car
816 9.5908 -0.0873 car
817 8.2525 0.2967 pedestrian
817 22.7503 0.1047 car
817 9.5908 -0.0873 car
818 8.2525 0.2967 pedestrian
818 23.1963 0.0873 car
818 9.5908 -0.0873 car
819 8.2525 0.2967 pedestrian
819 23.1963 0.0873 car
819 10.0369 -0.0698 car
820 8.2525 0.2967 pedestrian
820 23.6424 0.0873 car
820 10.0369 -0.0698 car
821 8.4756 0.2967 pedestrian
821 23.8655 0.0873 car
821 10.4830 -0.0524 car
822 8.4756 0.2967 pedestrian
822 23.8655 0.0873 car
822 10.4830 -0.0524 car
823 8.4756 0.2967 pedestrian
823 24.5346 0.1047 car
823 10.9290 -0.0349 car
824 8.4756 0.2967 pedestrian
824 24.5346 0.1047 car
824 10.9290 -0.0349 car
825 8.4756 0.2967 pedestrian
825 11.5982 0.0000 car
826 8.4756 0.2967 pedestrian
826 11.5982 0.0000 car
827 8.4756 0.2967 pedestrian
827 11.5982 0.0000 car
828 8.4756 0.2967 pedestrian
828 12.2673 0.0175 car
829 8.6986 0.2618 pedestrian
829 12.2673 0.0175 car
830 8.6986 0.2618 pedestrian
830 12.2673 0.0175 car
831 8.6986 0.2618 pedestrian
831 12.9364 0.0175 car
832 8.6986 0.2618 pedestrian
832 12.9364 0.0175 car
833 8.6986 0.2618 pedestrian
833 13.1595 0.0349 car
834 8.6986 0.2618 pedestrian
834 13.1595 0.0349 car
835 8.9217 0.2443 pedestrian
835 14.0516 0.0349 car
836 8.9217 0.2443 pedestrian
836 14.0516 0.0349 car
837 8.9217 0.2443 pedestrian
837 14.4977 0.0349 car
838 8.9217 0.2443 pedestrian
838 14.4977 0.0349 car
839 8.9217 0.2443 pedestrian
839 14.9438 0.0524 car
840 8.9217 0.2443 pedestrian
840 14.9438 0.0524 car
841 8.9217 0.2443 pedestrian
841 15.3899 0.0524 car
842 8.9217 0.2443 pedestrian
842 15.3899 0.0524 car
843 9.1447 0.2443 pedestrian
843 16.0590 0.0524 car
844 9.1447 0.2443 pedestrian
844 16.0590 0.0524 car
845 9.1447 0.2443 pedestrian
845 16.5051 0.0698 car
846 9.1447 0.2443 pedestrian
846 16.5051 0.0698 car
847 9.1447 0.2443 pedestrian
847 16.7281 0.0873 car
848 9.1447 0.2443 pedestrian
848 17.1742 0.0873 car
849 9.1447 0.2443 pedestrian
849 17.6203 0.0873 car
850 9.1447 0.2443 pedestrian
850 17.6203 0.0873 car
851 9.1447 0.2443 pedestrian
851 18.2894 0.0873 car
852 9.3678 0.2443 pedestrian
852 18.5125 0.0698 car
853 9.3678 0.2443 pedestrian
853 18.5125 0.0698 car
854 9.3678 0.2443 pedestrian
854 19.1816 0.1047 car
855 9.3678 0.2269 pedestrian
855 19.4046 0.0873 car
856 9.3678 0.2269 pedestrian
856 19.4046 0.0873 car
857 9.3678 0.2269 pedestrian
857 19.8507 0.1047 car
858 9.3678 0.2269 pedestrian
858 19.8507 0.1047 car
859 9.5908 0.2094 pedestrian
859 20.2968 0.1047 car
860 9.5908 0.2094 pedestrian
860 20.2968 0.1047 car
861 9.5908 0.2094 pedestrian
861 21.1890 0.1047 car
862 9.5908 0.2094 pedestrian
862 21.1890 0.1047 car
863 9.5908 0.2094 pedestrian
863 21.6351 0.1222 car
864 9.5908 0.2094 pedestrian
864 22.0811 0.1047 car
865 9.5908 0.2094 pedestrian
865 22.0811 0.1047 car
866 9.5908 0.1920 pedestrian
866 22.5272 0.1047 car
867 9.5908 0.1920 pedestrian
867 22.5272 0.1047 car
868 9.8138 0.1571 pedestrian
868 22.9733 0.0873 car
869 9.8138 0.1571 pedestrian
869 22.9733 0.0873 car
870 9.8138 0.1571 pedestrian
870 23.6424 0.1222 car
871 9.8138 0.1571 pedestrian
871 23.6424 0.1222 car
872 9.8138 0.1571 pedestrian
872 24.3116 0.1222 car
873 9.8138 0.1571 pedestrian
873 24.3116 0.1222 car
874 9.8138 0.1571 pedestrian
874 24.7576 0.1222 car
875 9.8138 0.1571 pedestrian
875 24.7576 0.1222 car
876 10.0369 0.1571 pedestrian
877 10.0369 0.1571 pedestrian
878 10.0369 0.1571 pedestrian
879 10.0369 0.1571 pedestrian
880 10.2599 0.1745 pedestrian
881 10.2599 0.1745 pedestrian
882 10.2599 0.1745 pedestrian
883 10.2599 0.1745 pedestrian
884 10.2599 0.1745 pedestrian
885 10.2599 0.1745 pedestrian
886 10.2599 0.1745 pedestrian
887 10.2599 0.1745 pedestrian
888 10.2599 0.1745 pedestrian
888 22.7503 -0.2967 cyclist
889 10.4830 0.1396 pedestrian
889 22.7503 -0.2967 cyclist
890 10.4830 0.1396 pedestrian
890 22.0811 -0.2967 cyclist
891 10.4830 0.1396 pedestrian
891 22.0811 -0.2967 cyclist
892 10.4830 0.1396 pedestrian
892 21.4120 -0.3142 cyclist
893 10.4830 0.1396 pedestrian
893 21.4120 -0.3142 cyclist
894 10.4830 0.1396 pedestrian
894 21.4120 -0.3142 cyclist
895 10.4830 0.1396 pedestrian
895 20.9659 -0.3142 cyclist
896 10.4830 0.1396 pedestrian
896 20.9659 -0.3142 cyclist
897 10.4830 0.1396 pedestrian
897 20.9659 -0.3142 cyclist
898 10.4830 0.1396 pedestrian
898 20.5198 -0.3142 cyclist
899 10.9290 0.1222 pedestrian
899 20.5198 -0.3142 cyclist
