0 5.1300 -0.6283 cyclist
1 5.1300 -0.6283 cyclist
2 5.1300 -0.6283 cyclist
3 4.9069 -0.5934 cyclist
4 4.9069 -0.5934 cyclist
5 4.9069 -0.5934 cyclist
6 4.9069 -0.5934 cyclist
7 4.9069 -0.5934 cyclist
8 4.6839 -0.5760 cyclist
9 4.6839 -0.5760 cyclist
10 4.6839 -0.5760 cyclist
11 4.6839 -0.5760 cyclist
12 4.6839 -0.5585 cyclist
13 4.6839 -0.5411 cyclist
14 4.6839 -0.5411 cyclist
15 4.6839 -0.5411 cyclist
16 4.6839 -0.5411 cyclist
17 4.4608 -0.4887 cyclist
18 4.4608 -0.4887 cyclist
19 4.4608 -0.4887 cyclist
20 4.4608 -0.4887 cyclist
21 4.4608 -0.4887 cyclist
22 4.2378 -0.4712 cyclist
23 4.2378 -0.4712 cyclist
24 4.2378 -0.4712 cyclist
25 4.2378 -0.4363 cyclist
26 4.2378 -0.4363 cyclist
27 4.2378 -0.4189 cyclist
28 4.2378 -0.4189 cyclist
29 4.0148 -0.4014 cyclist
30 4.0148 -0.4014 cyclist
31 4.0148 -0.4014 cyclist
32 4.0148 -0.3491 cyclist
33 4.0148 -0.3491 cyclist
34 4.0148 -0.3491 cyclist
35 3.7917 -0.3316 cyclist
36 3.7917 -0.3316 cyclist
37 3.7917 -0.3316 cyclist
38 3.7917 -0.3316 cyclist
39 3.7917 -0.3316 cyclist
40 3.7917 -0.2967 cyclist
41 3.7917 -0.2967 cyclist
42 3.7917 -0.2967 cyclist
43 3.5687 -0.2443 cyclist
44 3.5687 -0.2443 cyclist
45 3.5687 -0.2443 cyclist
46 3.5687 -0.2094 cyclist
47 3.5687 -0.2094 cyclist
48 3.5687 -0.2094 cyclist
49 3.5687 -0.1745 cyclist
50 3.5687 -0.1745 cyclist
51 3.5687 -0.1745 cyclist
52 3.5687 -0.1745 cyclist
53 3.3456 -0.1396 cyclist
54 3.3456 -0.1396 cyclist
55 3.3456 -0.1396 cyclist
56 3.3456 -0.1047 cyclist
57 3.3456 -0.1047 cyclist
58 3.3456 -0.1047 cyclist
59 3.3456 -0.1047 cyclist
60 3.3456 -0.1047 cyclist
61 3.3456 -0.0175 cyclist
62 3.3456 -0.0175 cyclist
63 3.3456 -0.0175 cyclist
64 3.3456 0.0349 cyclist
65 3.3456 0.0349 cyclist
66 3.3456 0.0349 cyclist
67 3.3456 0.0698 cyclist
68 3.3456 0.0698 cyclist
69 3.3456 0.0698 cyclist
70 3.3456 0.0698 cyclist
71 3.1226 0.1222 cyclist
72 3.1226 0.1222 cyclist
73 3.1226 0.1222 cyclist
74 3.1226 0.1920 cyclist
75 3.1226 0.1920 cyclist
76 3.1226 0.1920 cyclist
77 3.1226 0.1920 cyclist
78 3.3456 0.2269 cyclist
79 3.3456 0.2269 cyclist
80 3.1226 0.2793 cyclist
81 3.1226 0.2793 cyclist
82 3.1226 0.2793 cyclist
83 3.3456 0.2967 cyclist
84 3.3456 0.2618 cyclist
85 3.3456 0.2618 cyclist
86 3.3456 0.2269 cyclist
87 3.3456 0.2094 cyclist
88 3.3456 0.2094 cyclist
89 3.3456 0.3142 cyclist
90 3.3456 0.3665 cyclist
91 3.3456 0.3665 cyclist
92 3.3456 0.4189 cyclist
93 3.5687 0.4538 cyclist
94 3.5687 0.4538 cyclist
95 3.5687 0.4538 cyclist
96 3.5687 0.4538 cyclist
97 3.5687 0.5061 cyclist
98 3.5687 0.5061 cyclist
99 3.5687 0.5061 cyclist
100 3.7917 0.5760 cyclist
101 3.7917 0.5760 cyclist
102 3.7917 0.5760 cyclist
103 4.0148 0.6109 cyclist
104 4.0148 0.6109 cyclist
105 4.0148 0.6109 cyclist
106 4.2378 0.6458 cyclist
107 4.2378 0.6458 cyclist
108 4.2378 0.6458 cyclist
109 4.2378 0.6981 cyclist
110 4.2378 0.6981 cyclist
111 4.4608 0.6807 cyclist
112 4.4608 0.6632 cyclist
113 4.4608 0.6632 cyclist
114 4.6839 0.6981 cyclist
115 4.6839 0.6981 cyclist
116 4.6839 0.6981 cyclist
117 4.6839 0.7330 cyclist
118 4.9069 0.7505 cyclist
119 4.9069 0.7505 cyclist
120 4.9069 0.7505 cyclist
121 4.9069 0.7505 cyclist
122 4.9069 0.7156 cyclist
123 4.9069 0.7156 cyclist
124 5.1300 0.7679 cyclist
125 5.1300 0.7679 cyclist
126 5.1300 0.7679 cyclist
127 5.1300 0.7330 cyclist
128 5.3530 0.7505 cyclist
129 5.3530 0.7505 cyclist
130 5.3530 0.7156 cyclist
131 5.5760 0.7505 cyclist
132 5.5760 0.7505 cyclist
133 5.5760 0.7330 cyclist
134 5.5760 0.7330 cyclist
135 5.5760 0.7330 cyclist
136 5.5760 0.7330 cyclist
137 5.5760 0.7330 cyclist
138 6.0221 0.6981 cyclist
139 6.0221 0.6981 cyclist
140 6.2452 0.6981 cyclist
141 6.2452 0.6981 cyclist
142 6.2452 0.6981 cyclist
143 6.2452 0.6632 cyclist
144 6.4682 0.6632 cyclist
145 6.4682 0.6632 cyclist
146 6.4682 0.6632 cyclist
147 6.4682 0.6632 cyclist
148 6.6913 0.6458 cyclist
149 6.6913 0.6458 cyclist
150 6.6913 0.6458 cyclist
151 6.9143 0.6458 cyclist
152 6.9143 0.6458 cyclist
153 6.9143 0.6458 cyclist
154 7.1373 0.6283 cyclist
155 7.1373 0.6283 cyclist
156 7.1373 0.6283 cyclist
157 7.1373 0.6283 cyclist
158 7.3604 0.6109 cyclist
159 7.3604 0.6109 cyclist
160 7.3604 0.6109 cyclist
161 7.3604 0.6109 cyclist
162 7.3604 0.6109 cyclist
163 7.5834 0.5760 cyclist
164 7.5834 0.5760 cyclist
165 7.5834 0.5760 cyclist
166 7.8065 0.5411 cyclist
167 7.8065 0.5411 cyclist
168 7.8065 0.5411 cyclist
169 8.0295 0.5236 cyclist
170 8.0295 0.5236 cyclist
171 8.0295 0.5236 cyclist
172 8.0295 0.5236 cyclist
173 8.0295 0.5236 cyclist
174 8.0295 0.5236 cyclist
175 8.0295 0.5236 cyclist
176 8.2525 0.5061 cyclist
177 8.2525 0.5061 cyclist
178 8.2525 0.5061 cyclist
179 8.2525 0.5061 cyclist
180 8.2525 0.4887 cyclist
181 8.2525 0.4887 cyclist
182 8.4756 0.4538 cyclist
183 8.4756 0.4538 cyclist
184 8.4756 0.4363 cyclist
185 8.4756 0.4363 cyclist
186 8.4756 0.4363 cyclist
187 8.6986 0.4189 cyclist
188 8.6986 0.4189 cyclist
189 8.6986 0.4189 cyclist
190 8.6986 0.4189 cyclist
191 8.6986 0.4189 cyclist
192 8.6986 0.4014 cyclist
193 8.6986 0.4014 cyclist
194 8.9217 0.3840 cyclist
195 8.9217 0.3840 cyclist
196 8.9217 0.3840 cyclist
197 8.9217 0.3840 cyclist
198 8.9217 0.3665 cyclist
199 8.9217 0.3665 cyclist
200 8.9217 0.3665 cyclist
201 9.1447 0.3316 cyclist
202 9.1447 0.3316 cyclist
203 9.1447 0.2967 cyclist
204 9.1447 0.2967 cyclist
205 9.1447 0.2967 cyclist
206 9.1447 0.2967 cyclist
207 9.3678 0.2793 cyclist
208 9.3678 0.2793 cyclist
209 9.3678 0.2793 cyclist
210 9.3678 0.2793 cyclist
211 9.3678 0.2618 cyclist
212 9.3678 0.2618 cyclist
213 9.3678 0.2618 cyclist
214 9.3678 0.2618 cyclist
215 9.3678 0.2269 cyclist
216 9.3678 0.2269 cyclist
217 9.3678 0.2269 cyclist
218 9.3678 0.2269 cyclist
219 9.3678 0.2269 cyclist
220 9.5908 0.1571 cyclist
221 9.5908 0.1571 cyclist
222 9.5908 0.1571 cyclist
223 9.5908 0.1571 cyclist
224 9.5908 0.1571 cyclist
225 9.5908 0.1222 cyclist
226 9.5908 0.1222 cyclist
227 9.5908 0.1222 cyclist
228 9.5908 0.1222 cyclist
229 9.5908 0.1222 cyclist
230 9.5908 0.1222 cyclist
231 9.5908 0.1047 cyclist
232 9.5908 0.1047 cyclist
233 9.5908 0.1047 cyclist
234 9.5908 0.1047 cyclist
235 9.5908 0.1047 cyclist
236 9.5908 0.0698 cyclist
237 9.5908 0.0698 cyclist
238 9.8138 0.0524 cyclist
239 9.8138 0.0524 cyclist
240 9.8138 0.0524 cyclist
241 9.8138 0.0524 cyclist
242 9.8138 0.0524 cyclist
243 10.0369 0.0175 cyclist
244 10.0369 0.0175 cyclist
245 10.0369 0.0175 cyclist
246 10.0369 0.0175 cyclist
247 10.0369 0.0000 cyclist
248 10.0369 0.0000 cyclist
249 10.0369 0.0000 cyclist
250 10.0369 0.0000 cyclist
251 10.0369 0.0000 cyclist
252 10.2599 -0.0175 cyclist
253 10.2599 -0.0175 cyclist
254 10.2599 -0.0175 cyclist
255 10.2599 -0.0175 cyclist
256 10.2599 -0.0175 cyclist
257 10.2599 -0.0175 cyclist
258 10.4830 -0.0524 cyclist
259 10.4830 -0.0524 cyclist
260 10.4830 -0.0524 cyclist
261 10.7060 -0.0698 cyclist
262 10.7060 -0.0698 cyclist
263 10.7060 -0.0698 cyclist
264 10.7060 -0.0698 cyclist
265 10.7060 -0.0698 cyclist
266 10.9290 -0.0873 cyclist
267 10.9290 -0.0873 cyclist
268 10.9290 -0.0873 cyclist
269 10.9290 -0.0873 cyclist
270 11.1521 -0.1047 cyclist
271 11.1521 -0.1047 cyclist
272 11.1521 -0.1047 cyclist
273 11.1521 -0.1047 cyclist
274 11.3751 -0.1222 cyclist
275 11.3751 -0.1222 cyclist
276 11.3751 -0.1222 cyclist
277 11.5982 -0.1396 cyclist
278 11.5982 -0.1396 cyclist
279 11.5982 -0.1396 cyclist
280 11.5982 -0.1396 cyclist
281 11.8212 -0.1396 cyclist
282 11.8212 -0.1396 cyclist
283 11.8212 -0.1396 cyclist
284 12.0443 -0.1396 cyclist
285 12.0443 -0.1396 cyclist
286 12.0443 -0.1396 cyclist
287 12.2673 -0.1396 cyclist
288 12.2673 -0.1396 cyclist
289 12.4903 -0.1571 cyclist
290 12.4903 -0.1571 cyclist
291 12.7134 -0.1571 cyclist
292 12.7134 -0.1571 cyclist
293 12.7134 -0.1571 cyclist
294 12.7134 -0.1571 cyclist
295 12.7134 -0.1571 cyclist
296 12.9364 -0.1571 cyclist
297 12.9364 -0.1571 cyclist
298 12.9364 -0.1571 cyclist
299 12.9364 -0.1571 cyclist
300 13.1595 -0.1571 cyclist
301 13.1595 -0.1571 cyclist
302 13.3825 -0.1571 cyclist
303 13.3825 -0.1571 cyclist
304 13.3825 -0.1571 cyclist
305 13.3825 -0.1571 cyclist
306 13.3825 -0.1571 cyclist
307 13.6056 -0.1571 cyclist
308 13.6056 -0.1571 cyclist
309 13.6056 -0.1571 cyclist
310 14.0516 -0.1571 cyclist
311 14.0516 -0.1571 cyclist
312 14.4977 -0.1571 cyclist
313 14.4977 -0.1571 cyclist
314 14.4977 -0.1571 cyclist
315 14.4977 -0.1571 cyclist
316 14.7208 -0.1396 cyclist
317 14.7208 -0.1396 cyclist
318 14.7208 -0.1396 cyclist
319 14.7208 -0.1396 cyclist
320 14.7208 -0.1396 cyclist
321 14.9438 -0.1222 cyclist
322 14.9438 -0.1222 cyclist
323 14.9438 -0.1222 cyclist
324 14.9438 -0.1222 cyclist
325 14.9438 -0.1222 cyclist
326 15.1668 -0.1222 cyclist
327 15.1668 -0.1222 cyclist
328 15.1668 -0.1222 cyclist
329 15.3899 -0.1222 cyclist
330 15.3899 -0.1222 cyclist
331 15.3899 -0.1222 cyclist
332 15.3899 -0.1222 cyclist
333 15.3899 -0.1222 cyclist
334 15.6129 -0.1047 cyclist
335 15.6129 -0.1047 cyclist
336 15.6129 -0.1047 cyclist
337 15.6129 -0.1047 cyclist
338 15.6129 -0.1047 cyclist
339 15.6129 -0.1047 cyclist
340 15.6129 -0.1047 cyclist
341 15.8360 -0.0873 cyclist
342 15.8360 -0.0873 cyclist
343 15.8360 -0.0873 cyclist
344 15.8360 -0.0698 cyclist
345 15.8360 -0.0698 cyclist
346 16.0590 -0.0524 cyclist
347 16.0590 -0.0524 cyclist
348 16.0590 -0.0524 cyclist
349 16.0590 -0.0524 cyclist
350 16.2821 -0.0524 cyclist
351 16.2821 -0.0524 cyclist
352 16.2821 -0.0524 cyclist
353 16.2821 -0.0524 cyclist
354 16.2821 -0.0524 cyclist
355 16.2821 -0.0349 cyclist
356 16.2821 -0.0349 cyclist
357 16.2821 -0.0349 cyclist
358 16.2821 -0.0349 cyclist
359 16.5051 -0.0175 cyclist
360 16.5051 -0.0175 cyclist
361 16.5051 -0.0175 cyclist
362 16.5051 -0.0175 cyclist
363 16.5051 -0.0175 cyclist
364 16.5051 -0.0175 cyclist
365 16.5051 -0.0175 cyclist
366 16.5051 -0.0175 cyclist
367 16.5051 -0.0175 cyclist
368 16.5051 0.0175 cyclist
369 16.5051 0.0175 cyclist
370 16.5051 0.0175 cyclist
371 16.5051 0.0175 cyclist
372 16.5051 0.0175 cyclist
373 16.5051 0.0175 cyclist
374 16.5051 0.0524 cyclist
375 16.5051 0.0524 cyclist
376 16.5051 0.0524 cyclist
377 16.5051 0.0524 cyclist
378 16.5051 0.0524 cyclist
379 16.5051 0.0524 cyclist
380 16.5051 0.0524 cyclist
381 16.5051 0.0524 cyclist
382 16.5051 0.0524 cyclist
383 16.5051 0.0524 cyclist
384 16.5051 0.0873 cyclist
385 16.5051 0.0873 cyclist
386 16.5051 0.0873 cyclist
387 16.5051 0.0873 cyclist
388 16.5051 0.0873 cyclist
389 16.5051 0.0873 cyclist
390 16.5051 0.0873 cyclist
391 16.5051 0.0873 cyclist
392 16.5051 0.1222 cyclist
393 16.5051 0.1222 cyclist
394 16.5051 0.1222 cyclist
395 16.5051 0.1222 cyclist
396 16.5051 0.1222 cyclist
397 16.5051 0.1222 cyclist
398 16.5051 0.1222 cyclist
399 16.5051 0.1396 cyclist
400 16.5051 0.1396 cyclist
401 16.2821 0.1571 cyclist
402 16.2821 0.1571 cyclist
403 16.2821 0.1571 cyclist
404 16.2821 0.1571 cyclist
405 16.2821 0.1571 cyclist
406 16.2821 0.1571 cyclist
407 16.0590 0.1745 cyclist
408 16.0590 0.1745 cyclist
409 16.0590 0.1745 cyclist
410 16.0590 0.1745 cyclist
411 16.0590 0.1745 cyclist
412 15.8360 0.2094 cyclist
413 15.8360 0.2094 cyclist
414 15.8360 0.2094 cyclist
415 15.8360 0.2094 cyclist
416 15.8360 0.2094 cyclist
417 15.8360 0.2094 cyclist
418 15.6129 0.2269 cyclist
419 15.6129 0.2269 cyclist
420 15.6129 0.2269 cyclist
421 15.6129 0.2269 cyclist
422 15.6129 0.2269 cyclist
423 15.6129 0.2269 cyclist
424 15.6129 0.2269 cyclist
425 15.6129 0.2269 cyclist
426 15.3899 0.2443 cyclist
427 15.3899 0.2443 cyclist
428 15.3899 0.2443 cyclist
429 15.3899 0.2443 cyclist
430 15.1668 0.2443 cyclist
431 15.1668 0.2443 cyclist
432 14.9438 0.2443 cyclist
433 14.9438 0.2443 cyclist
434 14.9438 0.2443 cyclist
435 14.9438 0.2443 cyclist
436 14.7208 0.2443 cyclist
437 14.7208 0.2443 cyclist
438 14.7208 0.2443 cyclist
439 14.7208 0.2443 cyclist
440 14.4977 0.2443 cyclist
441 14.2747 0.2443 cyclist
442 14.2747 0.2443 cyclist
443 14.2747 0.2443 cyclist
444 14.0516 0.2443 cyclist
445 14.0516 0.2443 cyclist
446 14.0516 0.2443 cyclist
447 13.8286 0.2443 cyclist
448 13.8286 0.2443 cyclist
449 13.3825 0.2443 cyclist
450 13.3825 0.2443 cyclist
451 13.3825 0.2443 cyclist
452 13.3825 0.2443 cyclist
453 13.1595 0.2269 cyclist
454 13.1595 0.2269 cyclist
455 13.1595 0.2269 cyclist
456 13.1595 0.2269 cyclist
457 13.1595 0.2269 cyclist
458 13.1595 0.2269 cyclist
459 13.1595 0.2269 cyclist
460 13.1595 0.2269 cyclist
461 12.9364 0.2094 cyclist
462 12.9364 0.2094 cyclist
463 12.9364 0.2094 cyclist
464 12.9364 0.2094 cyclist
465 12.9364 0.2094 cyclist
466 12.7134 0.1920 cyclist
467 12.7134 0.1920 cyclist
468 12.7134 0.1920 cyclist
469 12.7134 0.1920 cyclist
470 12.7134 0.1920 cyclist
471 12.7134 0.1920 cyclist
472 12.4903 0.1745 cyclist
473 12.4903 0.1745 cyclist
474 12.4903 0.1745 cyclist
475 12.4903 0.1745 cyclist
476 12.4903 0.1745 cyclist
477 12.0443 0.1571 cyclist
478 12.0443 0.1571 cyclist
479 12.0443 0.1571 cyclist
480 12.0443 0.1571 cyclist
481 12.0443 0.1571 cyclist
482 11.8212 0.1222 cyclist
483 11.8212 0.1222 cyclist
484 11.8212 0.1222 cyclist
485 11.8212 0.1222 cyclist
486 11.8212 0.1222 cyclist
487 11.5982 0.0873 cyclist
488 11.5982 0.0873 cyclist
489 11.5982 0.0873 cyclist
490 11.5982 0.0873 cyclist
491 11.5982 0.0873 cyclist
492 11.3751 0.0873 cyclist
493 11.3751 0.0873 cyclist
494 11.3751 0.0873 cyclist
495 11.3751 0.0873 cyclist
496 11.3751 0.0873 cyclist
497 11.1521 0.0698 cyclist
498 11.1521 0.0698 cyclist
499 11.1521 0.0698 cyclist
500 10.9290 0.0524 cyclist
501 10.9290 0.0524 cyclist
502 10.9290 0.0524 cyclist
503 10.9290 0.0524 cyclist
504 10.9290 0.0524 cyclist
505 10.9290 0.0524 cyclist
506 10.7060 0.0349 cyclist
507 10.7060 0.0349 cyclist
508 10.7060 0.0349 cyclist
509 10.2599 0.0175 cyclist
510 10.2599 0.0175 cyclist
511 10.2599 0.0175 cyclist
512 10.0369 0.0175 cyclist
513 10.0369 0.0175 cyclist
514 9.8138 0.0000 cyclist
515 9.8138 0.0000 cyclist
516 9.8138 0.0000 cyclist
517 9.8138 0.0000 cyclist
518 9.5908 -0.0175 cyclist
519 9.5908 -0.0175 cyclist
520 9.5908 -0.0175 cyclist
521 9.5908 -0.0175 cyclist
522 9.1447 -0.0175 cyclist
523 9.1447 -0.0175 cyclist
524 9.1447 -0.0175 cyclist
525 9.1447 -0.0175 cyclist
526 9.1447 -0.0175 cyclist
527 9.1447 -0.0175 cyclist
528 8.9217 -0.0175 cyclist
529 8.9217 -0.0175 cyclist
530 8.6986 0.0000 cyclist
531 8.6986 0.0000 cyclist
532 8.2525 0.0000 cyclist
533 8.2525 0.0000 cyclist
534 8.2525 0.0000 cyclist
535 8.2525 0.0000 cyclist
536 8.2525 0.0000 cyclist
537 7.8065 0.0000 cyclist
538 7.8065 0.0000 cyclist
539 7.8065 0.0000 cyclist
540 7.8065 0.0000 cyclist
541 7.3604 0.0175 cyclist
542 7.3604 0.0175 cyclist
543 7.3604 0.0175 cyclist
544 7.3604 0.0175 cyclist
545 7.3604 0.0175 cyclist
546 7.3604 0.0524 cyclist
547 7.3604 0.0524 cyclist
548 7.1373 0.0698 cyclist
549 7.1373 0.0698 cyclist
550 7.1373 0.0698 cyclist
551 6.9143 0.0873 cyclist
552 6.9143 0.0873 cyclist
553 6.9143 0.0873 cyclist
554 6.9143 0.0873 cyclist
555 6.6913 0.1047 cyclist
556 6.6913 0.1047 cyclist
557 6.6913 0.1047 cyclist
558 6.6913 0.1047 cyclist
559 6.6913 0.1047 cyclist
560 6.2452 0.1222 cyclist
561 6.2452 0.1222 cyclist
562 6.2452 0.1222 cyclist
563 6.2452 0.1222 cyclist
564 6.0221 0.1396 cyclist
565 6.0221 0.1396 cyclist
566 6.0221 0.1396 cyclist
567 6.0221 0.1396 cyclist
568 6.0221 0.1396 cyclist
569 6.0221 0.1396 cyclist
570 5.7991 0.1571 cyclist
571 5.7991 0.1571 cyclist
572 5.7991 0.1571 cyclist
573 5.5760 0.1745 cyclist
574 5.5760 0.1745 cyclist
575 5.5760 0.1745 cyclist
576 5.3530 0.1745 cyclist
577 5.1300 0.1745 cyclist
578 5.1300 0.1745 cyclist
579 5.1300 0.1745 cyclist
580 5.1300 0.1745 cyclist
581 4.9069 0.1745 cyclist
582 4.9069 0.1745 cyclist
583 4.9069 0.1745 cyclist
584 4.9069 0.1745 cyclist
585 4.9069 0.1745 cyclist
586 4.9069 0.1745 cyclist
587 4.6839 0.1396 cyclist
588 4.6839 0.1396 cyclist
589 4.2378 0.1396 cyclist
590 4.2378 0.1396 cyclist
591 4.2378 0.1396 cyclist
592 4.2378 0.1396 cyclist
593 4.0148 0.1396 cyclist
594 4.0148 0.1396 cyclist
595 4.0148 0.1047 cyclist
596 3.5687 0.1047 cyclist
597 3.5687 0.1047 cyclist
598 3.5687 0.0698 cyclist
599 3.5687 0.0698 cyclist
600 3.5687 0.0698 cyclist
601 3.3456 0.0524 cyclist
602 3.3456 0.0524 cyclist
603 3.3456 0.0175 cyclist
604 3.3456 0.0175 cyclist
605 3.3456 0.0000 cyclist
606 3.1226 -0.0524 cyclist
607 3.1226 -0.0698 cyclist
608 3.1226 -0.0698 cyclist
609 3.1226 -0.0698 cyclist
610 3.1226 -0.1047 cyclist
611 3.1226 -0.1047 cyclist
612 3.1226 -0.1396 cyclist
613 3.1226 -0.1745 cyclist
614 3.1226 -0.2094 cyclist
615 3.1226 -0.2094 cyclist
616 3.1226 -0.2094 cyclist
617 3.1226 -0.2094 cyclist
618 3.1226 -0.2094 cyclist
619 3.1226 -0.2618 cyclist
620 3.1226 -0.2618 cyclist
621 3.1226 -0.2618 cyclist
622 3.1226 -0.3142 cyclist
623 3.1226 -0.3142 cyclist
624 3.1226 -0.3142 cyclist
625 3.1226 -0.3142 cyclist
626 3.1226 -0.2618 cyclist
627 3.1226 -0.3142 cyclist
628 3.1226 -0.4014 cyclist
629 3.1226 -0.4014 cyclist
630 3.3456 -0.4363 cyclist
631 3.3456 -0.4363 cyclist
632 3.3456 -0.5061 cyclist
633 3.3456 -0.5061 cyclist
634 3.3456 -0.5061 cyclist
635 3.3456 -0.5061 cyclist
636 3.5687 -0.5411 cyclist
637 3.5687 -0.5411 cyclist
638 3.5687 -0.5411 cyclist
639 3.5687 -0.5411 cyclist
640 3.7917 -0.5760 cyclist
641 3.7917 -0.5760 cyclist
642 3.7917 -0.5760 cyclist
643 4.0148 -0.6458 cyclist
644 4.0148 -0.6458 cyclist
645 4.0148 -0.6458 cyclist
646 4.0148 -0.6458 cyclist
647 4.2378 -0.6632 cyclist
648 4.2378 -0.6632 cyclist
649 4.4608 -0.6632 cyclist
650 4.4608 -0.6632 cyclist
651 4.4608 -0.6632 cyclist
652 4.4608 -0.6632 cyclist
653 4.4608 -0.6632 cyclist
654 4.6839 -0.6458 cyclist
655 4.6839 -0.6458 cyclist
656 4.6839 -0.6981 cyclist
657 4.6839 -0.6981 cyclist
658 5.1300 -0.6807 cyclist
659 5.1300 -0.6807 cyclist
660 5.1300 -0.6807 cyclist
661 5.3530 -0.6458 cyclist
662 5.3530 -0.6458 cyclist
663 5.3530 -0.6458 cyclist
664 5.7991 -0.6283 cyclist
665 5.7991 -0.6283 cyclist
666 5.7991 -0.6283 cyclist
667 5.7991 -0.6283 cyclist
668 5.7991 -0.6283 cyclist
669 6.0221 -0.6283 cyclist
670 6.0221 -0.6283 cyclist
671 6.0221 -0.6283 cyclist
672 6.4682 -0.5934 cyclist
673 6.4682 -0.5934 cyclist
674 6.4682 -0.5934 cyclist
675 6.4682 -0.5934 cyclist
676 6.6913 -0.5760 cyclist
677 6.6913 -0.5760 cyclist
678 6.9143 -0.5585 cyclist
679 7.1373 -0.5585 cyclist
680 7.1373 -0.5585 cyclist
681 7.1373 -0.5585 cyclist
682 7.3604 -0.5411 cyclist
683 7.3604 -0.5411 cyclist
684 7.3604 -0.5411 cyclist
685 7.3604 -0.5061 cyclist
686 7.3604 -0.5061 cyclist
687 7.3604 -0.5061 cyclist
688 7.3604 -0.5061 cyclist
689 7.5834 -0.4887 cyclist
690 7.8065 -0.4712 cyclist
691 7.8065 -0.4712 cyclist
692 7.8065 -0.4712 cyclist
693 7.8065 -0.4363 cyclist
694 7.8065 -0.4363 cyclist
695 7.8065 -0.4363 cyclist
696 8.0295 -0.4189 cyclist
697 8.0295 -0.4189 cyclist
698 8.2525 -0.3840 cyclist
699 8.2525 -0.3840 cyclist
700 8.2525 -0.3840 cyclist
701 8.2525 -0.3840 cyclist
702 8.2525 -0.3840 cyclist
703 8.2525 -0.3665 cyclist
704 8.2525 -0.3665 cyclist
705 8.2525 -0.3665 cyclist
706 8.4756 -0.3316 cyclist
707 8.4756 -0.3316 cyclist
708 8.4756 -0.2967 cyclist
709 8.4756 -0.2967 cyclist
710 8.4756 -0.2967 cyclist
711 8.4756 -0.2967 cyclist
712 8.6986 -0.2793 cyclist
713 8.6986 -0.2793 cyclist
714 8.6986 -0.2618 cyclist
715 8.6986 -0.2618 cyclist
716 8.6986 -0.2618 cyclist
717 8.9217 -0.2269 cyclist
718 8.9217 -0.2269 cyclist
719 8.9217 -0.2269 cyclist
720 8.9217 -0.2269 cyclist
721 8.9217 -0.2269 cyclist
722 9.1447 -0.1920 cyclist
723 9.1447 -0.1920 cyclist
724 9.1447 -0.1920 cyclist
725 9.1447 -0.1920 cyclist
726 9.1447 -0.1571 cyclist
727 9.1447 -0.1571 cyclist
728 9.1447 -0.1571 cyclist
729 9.1447 -0.1571 cyclist
730 9.1447 -0.1222 cyclist
731 9.1447 -0.1222 cyclist
732 9.1447 -0.1222 cyclist
733 9.1447 -0.1222 cyclist
734 9.1447 -0.0873 cyclist
735 9.1447 -0.0873 cyclist
736 9.1447 -0.0873 cyclist
737 9.1447 -0.0873 cyclist
738 9.1447 -0.0873 cyclist
739 9.3678 -0.0524 cyclist
740 9.3678 -0.0524 cyclist
741 9.3678 -0.0524 cyclist
742 9.3678 -0.0524 cyclist
743 9.3678 -0.0524 cyclist
744 9.3678 -0.0524 cyclist
745 9.3678 -0.0175 cyclist
746 9.3678 0.0175 cyclist
747 9.3678 0.0000 cyclist
748 9.3678 0.0000 cyclist
749 9.3678 0.0175 cyclist
750 9.3678 0.0349 cyclist
751 9.3678 0.0349 cyclist
752 9.3678 0.0698 cyclist
753 9.3678 0.0698 cyclist
754 9.3678 0.0698 cyclist
755 9.3678 0.0349 cyclist
756 9.3678 0.0698 cyclist
757 9.3678 0.0698 cyclist
758 9.3678 0.0698 cyclist
759 9.3678 0.0698 cyclist
760 9.3678 0.0698 cyclist
761 9.3678 0.1047 cyclist
762 9.3678 0.1047 cyclist
763 9.3678 0.1047 cyclist
764 9.3678 0.1047 cyclist
765 9.3678 0.1047 cyclist
766 9.3678 0.1222 cyclist
767 9.3678 0.1222 cyclist
768 9.3678 0.1222 cyclist
769 9.3678 0.1222 cyclist
770 9.3678 0.1222 cyclist
771 9.3678 0.1222 cyclist
772 9.3678 0.1222 cyclist
773 9.3678 0.1571 cyclist
774 9.3678 0.1571 cyclist
775 9.3678 0.1571 cyclist
776 9.3678 0.1920 cyclist
777 9.3678 0.2269 cyclist
778 9.3678 0.2269 cyclist
779 9.3678 0.2269 cyclist
780 9.3678 0.2618 cyclist
781 9.3678 0.2618 cyclist
782 9.3678 0.2618 cyclist
783 9.3678 0.2618 cyclist
784 9.5908 0.2967 cyclist
785 9.5908 0.2967 cyclist
786 9.5908 0.2967 cyclist
787 9.5908 0.2967 cyclist
788 9.5908 0.2967 cyclist
789 9.5908 0.2967 cyclist
790 9.5908 0.3316 cyclist
791 9.5908 0.3316 cyclist
792 9.8138 0.3665 cyclist
793 9.8138 0.3665 cyclist
794 9.8138 0.3665 cyclist
795 9.8138 0.3665 cyclist
796 9.8138 0.3665 cyclist
797 10.0369 0.3840 cyclist
798 10.0369 0.3840 cyclist
799 10.0369 0.3840 cyclist
800 10.0369 0.3840 cyclist
801 10.0369 0.3840 cyclist
802 10.2599 0.4014 cyclist
803 10.2599 0.4014 cyclist
804 10.2599 0.4014 cyclist
805 10.2599 0.4014 cyclist
806 10.2599 0.4014 cyclist
807 10.2599 0.4014 cyclist
808 10.4830 0.4363 cyclist
809 10.4830 0.4363 cyclist
810 10.4830 0.4363 cyclist
811 10.7060 0.4538 cyclist
812 10.7060 0.4538 cyclist
813 10.7060 0.4538 cyclist
814 10.7060 0.4538 cyclist
815 10.7060 0.4538 cyclist
816 10.7060 0.4538 cyclist
817 10.7060 0.4538 cyclist
818 11.1521 0.4887 cyclist
819 11.1521 0.4887 cyclist
820 11.1521 0.4887 cyclist
821 11.1521 0.4887 cyclist
822 11.1521 0.4887 cyclist
823 11.1521 0.4887 cyclist
824 11.1521 0.4887 cyclist
825 11.1521 0.4887 cyclist
826 11.1521 0.4887 cyclist
827 11.1521 0.4887 cyclist
828 11.5982 0.5061 cyclist
829 11.5982 0.5061 cyclist
830 11.5982 0.5061 cyclist
831 11.5982 0.5061 cyclist
832 12.0443 0.5061 cyclist
833 12.0443 0.5061 cyclist
834 12.0443 0.5061 cyclist
835 12.0443 0.5061 cyclist
836 12.0443 0.5061 cyclist
837 12.0443 0.5061 cyclist
838 12.4903 0.4887 cyclist
839 12.4903 0.4887 cyclist
840 12.4903 0.4887 cyclist
841 12.4903 0.4887 cyclist
842 12.4903 0.4887 cyclist
843 12.7134 0.4712 cyclist
844 12.7134 0.4712 cyclist
845 12.7134 0.4712 cyclist
846 12.7134 0.4712 cyclist
847 12.7134 0.4712 cyclist
848 12.9364 0.4712 cyclist
849 12.9364 0.4712 cyclist
850 12.9364 0.4712 cyclist
851 12.9364 0.4712 cyclist
852 13.1595 0.4538 cyclist
853 13.1595 0.4538 cyclist
854 13.1595 0.4538 cyclist
855 13.1595 0.4538 cyclist
856 13.1595 0.4538 cyclist
857 13.3825 0.4538 cyclist
858 13.3825 0.4538 cyclist
859 13.3825 0.4538 cyclist
860 13.6056 0.4538 cyclist
861 13.6056 0.4538 cyclist
862 13.6056 0.4538 cyclist
863 13.8286 0.4189 cyclist
864 13.8286 0.4189 cyclist
865 13.8286 0.4189 cyclist
866 13.8286 0.4189 cyclist
867 13.8286 0.4189 cyclist
868 13.8286 0.4189 cyclist
869 13.8286 0.4189 cyclist
870 14.0516 0.4189 cyclist
871 14.0516 0.4189 cyclist
872 14.0516 0.4189 cyclist
873 14.0516 0.4014 cyclist
874 14.0516 0.4014 cyclist
875 14.0516 0.4014 cyclist
876 14.0516 0.4014 cyclist
877 14.2747 0.3840 cyclist
878 14.2747 0.3840 cyclist
879 14.2747 0.3840 cyclist
880 14.2747 0.3840 cyclist
881 14.2747 0.3840 cyclist
882 14.2747 0.3840 cyclist
883 14.4977 0.3491 cyclist
884 14.4977 0.3491 cyclist
885 14.4977 0.3491 cyclist
886 14.4977 0.3491 cyclist
887 14.4977 0.3491 cyclist
888 14.7208 0.3316 cyclist
889 14.7208 0.3316 cyclist
890 14.7208 0.3316 cyclist
891 14.7208 0.3316 cyclist
892 14.7208 0.3316 cyclist
893 14.7208 0.3316 cyclist
894 14.9438 0.2967 cyclist
895 14.9438 0.2967 cyclist
896 14.9438 0.2967 cyclist
