112 8.7352 -0.5932 car
113 8.0961 -0.6514 car
114 10.6557 -0.5289 car
115 9.3744 -0.5744 car
116 8.9483 -0.5932 car
117 9.1614 -0.5932 car
118 10.0136 -0.5191 car
119 9.5875 -0.5744 car
120 10.0136 -0.5373 car
121 9.8005 -0.5744 car
122 10.2248 -0.4905 car
123 10.4397 -0.5373 car
124 10.6502 -0.4846 car
125 10.8658 -0.5373 car
126 11.0789 -0.5010 car
127 11.0789 -0.5010 car
128 11.7137 -0.4700 car
129 11.5050 -0.4831 car
130 11.7180 -0.4479 car
131 12.1389 -0.4626 car
132 12.3572 -0.4479 car
133 12.5642 -0.4565 car
134 12.7833 -0.4305 car
135 12.9963 -0.3961 car
136 13.2019 -0.4443 car
137 13.4225 -0.3961 car
138 13.6259 -0.4270 car
139 13.8486 -0.3622 car
140 14.2634 -0.4137 car
141 14.2747 -0.3454 car
142 14.6875 -0.3974 car
143 14.9138 -0.3121 car
144 14.9138 -0.2956 car
145 15.3400 -0.3121 car
146 15.5374 -0.3786 car
147 15.7661 -0.2792 car
148 15.9615 -0.3618 car
149 16.1922 -0.2792 car
150 16.6183 -0.3121 car
151 16.8122 -0.3500 car
152 16.8117 -0.3456 car
153 17.3634 -0.2549 car
154 17.4497 -0.3359 car
155 17.4492 -0.3321 car
156 17.8748 -0.3276 car
157 18.3203 -0.2631 car
158 18.3227 -0.2466 car
159 18.5126 -0.3163 car
160 19.0584 -0.2473 car
161 18.9379 -0.3102 car
162 19.4842 -0.2473 car
163 19.3632 -0.3033 car
164 19.5756 -0.2979 car
165 19.7882 -0.2941 car
166 20.6400 -0.2910 car
167 20.6395 -0.2864 car
168 20.4260 -0.2833 car
169 20.9832 -0.2145 car
170 20.8512 -0.2755 car
173 21.7025 -0.2677 car
174 21.9154 -0.2662 car
175 22.1279 -0.2622 car
176 22.3407 -0.2599 car
177 22.5534 -0.2567 car
178 23.1921 -0.2528 car
179 22.9787 -0.2504 car
180 23.4293 -0.1904 car
181 23.6483 -0.1742 car
182 23.6167 -0.2402 car
183 24.2555 -0.2370 car
184 24.0419 -0.2330 car
185 24.2547 -0.2306 car
186 24.6805 -0.2282 car
187 24.6801 -0.2250 car
602 9.3744 -0.5932 car
604 12.5702 -0.4479 car
605 9.8027 -0.5232 car
606 10.0152 -0.5182 car
607 10.4406 -0.5124 car
608 10.4397 -0.5744 car
609 10.8655 -0.5028 car
610 10.8649 -0.4976 car
611 11.2907 -0.4950 car
612 11.2919 -0.5557 car
613 11.7158 -0.4872 car
614 11.9286 -0.4852 car
615 12.3572 -0.4654 car
616 12.3572 -0.5010 car
617 12.5702 -0.4479 car
618 12.9963 -0.4479 car
619 12.9963 -0.4831 car
620 13.6306 -0.4646 car
621 13.6355 -0.4305 car
622 13.8429 -0.4585 car
623 14.2688 -0.4565 car
624 14.2678 -0.4490 car
625 14.4877 -0.3961 car
626 14.9053 -0.4353 car
627 15.1269 -0.3622 car
628 15.5428 -0.4221 car
629 15.7661 -0.3622 car
630 15.7541 -0.4080 car
631 16.1796 -0.4024 car
632 16.3917 -0.3952 car
633 16.6040 -0.3888 car
634 16.8313 -0.2956 car
635 17.0444 -0.2792 car
636 17.6672 -0.3721 car
637 17.6667 -0.3677 car
638 17.8966 -0.2792 car
639 18.1097 -0.2629 car
640 18.5358 -0.2629 car
641 18.9427 -0.3493 car
642 19.1549 -0.3418 car
643 19.1545 -0.3389 car
644 19.5802 -0.3351 car
646 20.2294 -0.2633 car
647 20.2178 -0.3223 car
648 20.4303 -0.3178 car
649 20.8559 -0.3140 car
650 21.2814 -0.3087 car
651 21.5178 -0.2063 car
652 21.7071 -0.3056 car
653 21.9193 -0.2987 car
654 22.1321 -0.2964 car
655 22.3446 -0.2918 car
656 22.7703 -0.2887 car
657 22.9830 -0.2856 car
658 23.1959 -0.2841 car
659 23.6215 -0.2802 car
660 23.6212 -0.2771 car
1148 4.9003 -0.5744 car
1150 5.1133 -0.5373 car
1152 4.6872 -0.5932 car
1158 5.5394 -0.5191 car
1159 5.3264 -0.5191 car
1160 4.6872 -0.6317 car
1161 5.1133 -0.6714 car
1162 4.9003 -0.5373 car
1163 4.9003 -0.6124 car
1164 5.1133 -0.5744 car
1165 5.1133 -0.5557 car
1166 5.1133 -0.5373 car
1167 5.3264 -0.5191 car
1168 5.5394 -0.5373 car
1169 5.3264 -0.5191 car
1170 5.3264 -0.5373 car
1171 5.1133 -0.5557 car
1172 5.5394 -0.5010 car
1173 5.3264 -0.5191 car
1174 5.5394 -0.5191 car
1175 5.5394 -0.5191 car
1176 5.3264 -0.5191 car
1177 5.3264 -0.5010 car
1178 5.5394 -0.5932 car
1179 5.7525 -0.4831 car
1180 5.7525 -0.5010 car
1181 5.5394 -0.6514 car
1182 5.7525 -0.4654 car
1183 5.3264 -0.5373 car
1184 5.9655 -0.6124 car
1185 5.5394 -0.5373 car
1186 5.5394 -0.5010 car
1187 6.1786 -0.5744 car
1188 6.1786 -0.5744 car
1189 6.3916 -0.6317 car
1190 5.9655 -0.4654 car
1191 5.9655 -0.4654 car
1192 6.1786 -0.4479 car
1193 6.1786 -0.4479 car
1194 6.3916 -0.4132 car
1195 6.3916 -0.4305 car
1196 7.2439 -0.3287 car
1197 6.6047 -0.3791 car
1198 6.8178 -0.3961 car
1199 7.2439 -0.4831 car
1200 6.8178 -0.3454 car
1201 7.2439 -0.3287 car
1202 7.2439 -0.3121 car
1203 7.2439 -0.3454 car
1204 7.2439 -0.3287 car
1205 7.4569 -0.3287 car
1206 7.6700 -0.3622 car
1207 7.6700 -0.3622 car
1208 7.6700 -0.3287 car
1209 8.1474 -0.3252 car
1210 9.2564 -0.2461 car
1211 8.3793 -0.2999 car
1212 9.1510 -0.2743 car
1213 9.1539 -0.2349 car
1214 9.3693 -0.2337 car
1215 9.4381 -0.2276 car
1216 9.5722 -0.2495 car
1217 9.7150 -0.2337 car
1218 9.5760 -0.2641 car
1219 9.7926 -0.2190 car
1220 9.8338 -0.2702 car
1221 9.7425 -0.2246 car
1222 10.1044 -0.2424 car
1223 10.1048 -0.2414 car
1224 10.3626 -0.2124 car
1225 10.1149 -0.2126 car
1226 10.5797 -0.1863 car
1227 10.7112 -0.2127 car
1228 10.8450 -0.2179 car
1229 10.9478 -0.2056 car
1230 10.9878 -0.2077 car
1231 11.0659 -0.2019 car
1232 11.3415 -0.2126 car
1233 11.3504 -0.1917 car
1234 11.4207 -0.1968 car
1235 11.1795 -0.2320 car
1236 11.2166 -0.2096 car
1237 11.2886 -0.2072 car
1238 11.9869 -0.2016 car
1239 11.6055 -0.2158 car
1240 11.7146 -0.2071 car
1241 11.9295 -0.2472 car
1242 11.9276 -0.2071 car
1243 12.1300 -0.2001 car
1244 12.2471 -0.2073 car
1245 12.4637 -0.2142 car
1246 12.4601 -0.1572 car
1247 12.5601 -0.1916 car
1248 12.9851 -0.1536 car
1249 13.4043 -0.1380 car
1250 12.7796 -0.1750 car
1251 13.3433 -0.1492 car
1252 12.9959 -0.1744 car
1253 12.5336 -0.2074 car
1254 13.3121 -0.1751 car
1255 13.5183 -0.1249 car
1256 13.5286 -0.1419 car
1257 13.6351 -0.1579 car
1258 13.6351 -0.1744 car
1259 13.8415 -0.1672 car
1260 13.9168 -0.1561 car
1261 14.0576 -0.1589 car
1262 14.1570 -0.1114 car
1263 14.2742 -0.1744 car
1264 14.4859 -0.1507 car
1265 14.4877 -0.1661 car
1266 14.6989 -0.1507 car
1267 14.7003 -0.1266 car
1268 14.8054 -0.1508 car
1269 14.9096 -0.1429 car
1270 15.1250 -0.1347 car
1271 15.1264 -0.1424 car
1272 15.3356 -0.1429 car
1273 15.3356 -0.1429 car
1274 15.5486 -0.1429 car
1275 15.6590 -0.1266 car
1276 15.7661 -0.1343 car
1277 15.8646 -0.1191 car
1278 15.9791 -0.1343 car
1279 16.1917 -0.1265 car
1280 16.1922 -0.1343 car
1281 16.4032 -0.1347 car
1282 16.4047 -0.1265 car
1283 16.1509 -0.1677 car
1284 16.1507 -0.1660 car
1285 16.8313 -0.1025 car
1286 16.3636 -0.1644 car
1287 17.0423 -0.1030 car
1288 17.0325 -0.1079 car
1289 17.2553 -0.1188 car
1290 17.3240 -0.1189 car
1291 17.4683 -0.1188 car
1292 17.5748 -0.1189 car
1293 17.6813 -0.1188 car
1294 17.7901 -0.1184 car
1295 17.7879 -0.0864 car
1296 18.0026 -0.1107 car
1297 18.1091 -0.1107 car
1298 18.3221 -0.1106 car
1299 18.4287 -0.1107 car
1300 18.5352 -0.1106 car
1301 18.6400 -0.1028 car
1302 18.7488 -0.1184 car
1303 18.9613 -0.1106 car
1304 18.9565 -0.1269 car
1305 19.0678 -0.1107 car
1306 19.1725 -0.1029 car
1307 19.2809 -0.0948 car
1308 19.1315 -0.1488 car
1309 19.4939 -0.1107 car
1310 19.8135 -0.1103 car
1311 19.3825 -0.0949 car
1312 19.5857 -0.0951 car
1313 19.9181 -0.1030 car
1314 20.0272 -0.1025 car
1315 20.2377 -0.1029 car
1316 20.3461 -0.0948 car
1317 20.4475 -0.1110 car
1318 20.6657 -0.0786 car
1319 20.6605 -0.1110 car
1320 20.7722 -0.0948 car
1321 20.8787 -0.0948 car
1322 21.0918 -0.1106 car
1323 21.3741 -0.0973 car
1324 21.3048 -0.0948 car
1325 21.2995 -0.1110 car
1326 20.8350 -0.1398 car
1327 21.5179 -0.0948 car
1328 21.6244 -0.0947 car
1329 21.7207 -0.1032 car
1330 21.8374 -0.0948 car
1331 21.9419 -0.0870 car
1332 22.1549 -0.0870 car
1333 22.3701 -0.0790 car
1334 22.3680 -0.0870 car
1335 22.3680 -0.0870 car
1336 22.5810 -0.0870 car
1337 22.7940 -0.0870 car
1338 22.7940 -0.0870 car
1339 22.7962 -0.0790 car
1340 23.0071 -0.0870 car
1341 23.2223 -0.0790 car
1343 23.4331 -0.0870 car
1344 23.4353 -0.0790 car
1345 23.5396 -0.0711 car
1346 23.6484 -0.0790 car
1347 23.3898 -0.1241 car
1348 23.3899 -0.1249 car
1349 24.1817 -0.0551 car
1350 24.0722 -0.0712 car
1351 24.3948 -0.0709 car
1352 24.3940 -0.0787 car
1353 24.5005 -0.0790 car
1354 24.5005 -0.0790 car
1355 24.6078 -0.0709 car
1356 24.7136 -0.0790 car
1357 24.9204 -0.0792 car
1382 4.9003 -0.5557 car
1383 4.6872 -0.5557 car
1384 4.6872 -0.5744 car
1385 3.8350 -0.6916 car
1386 4.2611 -0.7123 car
1393 4.6842 -0.4885 car
1394 4.0480 -0.6514 car
1395 5.1133 0.6317 car
1395 5.9615 -0.4779 car
1396 6.1751 -0.4819 car
1396 5.3264 0.6124 car
1397 4.9003 0.5932 car
1397 4.6872 -0.6514 car
1398 5.1133 -0.6317 car
1399 5.1133 0.5373 car
1399 4.9003 -0.6124 car
1400 4.9003 -0.6317 car
1401 5.1133 -0.5557 car
1402 5.3264 -0.5744 car
1403 5.1133 -0.6714 car
1404 5.1133 -0.6124 car
1405 5.1133 -0.6124 car
1406 5.3264 -0.6124 car
1407 4.6872 -0.5744 car
1408 4.9003 -0.5932 car
1408 5.1133 0.5557 car
1409 4.6872 -0.5932 car
1409 5.3264 0.5010 car
1410 5.5394 -0.5191 car
1410 4.1578 0.4607 car
1411 4.9003 -0.5932 car
1411 5.3264 0.5557 car
1412 5.5394 0.5191 car
1412 5.1133 -0.5932 car
1413 5.7525 0.4831 car
1413 4.9003 -0.5373 car
1414 5.1133 -0.5557 car
1414 5.5394 0.5191 car
1415 4.9003 -0.5557 car
1415 5.6505 0.4457 car
1416 5.3170 -0.4360 car
1416 5.9655 0.4479 car
1417 4.1597 0.4341 car
1417 5.3264 -0.5373 car
1418 5.5394 -0.5557 car
1418 6.1786 0.4479 car
1419 3.9470 0.4292 car
1419 5.5394 -0.5373 car
1420 5.5303 -0.4381 car
1420 6.1786 0.4479 car
1421 5.5394 -0.5373 car
1421 5.1133 0.5932 car
1422 4.9003 0.5932 pedestrian
1422 5.7525 -0.4831 car
1422 5.6313 0.5110 car
1423 5.7525 -0.5191 car
1423 6.3916 0.4479 car
1424 5.7525 -0.5191 car
1425 5.3264 0.5557 car
1425 7.2346 -0.4339 car
1426 5.5394 0.5557 car
1427 5.7525 0.5373 car
1428 5.7525 0.5373 car
1429 5.9655 0.5010 car
1430 5.9655 0.4831 car
1431 6.1684 -0.4284 car
1431 5.9655 0.4479 car
1432 6.1786 0.4831 car
1432 6.1786 -0.5010 car
1433 7.8830 -0.3791 car
1433 5.5394 0.5191 car
1434 6.3916 -0.5010 car
1434 6.1786 0.4654 car
1435 6.3916 -0.4654 car
1435 5.1133 0.5744 car
1436 5.7525 0.5010 car
1436 6.8178 -0.4132 car
1437 6.6047 -0.4654 car
1437 5.9655 0.4831 car
1438 5.9655 0.4654 car
1438 6.6047 -0.4654 car
1439 6.8178 -0.4479 car
1439 7.6700 0.3791 car
1440 5.3264 0.5373 car
1440 6.8178 -0.4479 car
1441 7.0308 -0.4479 car
1442 5.3264 0.5557 car
1442 7.0308 -0.4831 car
1443 7.2439 -0.5010 car
1443 5.5394 0.6317 car
1444 5.3264 0.5191 car
1444 7.2333 -0.4235 car
1445 5.1133 0.4654 car
1445 7.2331 -0.4221 car
1446 5.5394 0.4831 car
1446 7.2439 -0.4654 car
1447 6.6047 0.4132 car
1447 7.2439 -0.4654 car
1448 6.8178 0.5557 car
1448 7.2439 -0.4305 car
1449 5.7525 0.4831 car
1449 7.4569 -0.3622 car
1450 7.4569 -0.4654 car
1450 7.0308 0.5010 car
1451 5.9655 0.5557 car
1451 7.6700 -0.4479 car
1452 7.6700 -0.4132 car
1452 5.9655 0.4479 car
1453 6.1786 0.4831 car
1453 7.8830 -0.4305 car
1454 6.8178 0.5010 car
1454 7.6700 -0.4132 car
1455 7.6700 -0.3791 car
1455 6.8178 0.6317 car
1456 7.8830 -0.5557 car
1456 7.6700 0.5744 car
1457 6.8178 0.4654 car
1457 7.8830 -0.3287 car
1458 6.3916 0.4305 car
1458 8.0961 -0.4132 car
1459 7.4569 0.3622 car
1459 7.6700 -0.3622 car
1460 8.0961 -0.4132 car
1460 6.6047 0.3961 car
1461 8.0961 -0.3791 car
1461 8.3091 0.3287 car
1462 6.6047 0.3961 car
1462 8.0961 -0.3791 car
1463 7.8830 0.3454 car
1463 8.3091 -0.3454 car
1464 8.0961 0.5010 car
1464 8.0961 -0.3454 car
1465 8.3091 -0.3121 car
1465 8.0961 0.3622 car
1466 8.0961 0.3454 car
1466 8.3091 -0.4132 car
1467 8.0961 -0.4132 car
1467 8.3091 0.3287 car
1468 8.5222 -0.3622 car
1468 8.3091 0.3121 car
1469 8.5222 -0.4479 car
1469 8.3091 0.3287 car
1470 8.7352 -0.3961 car
1470 7.8830 0.5744 car
1471 8.7352 -0.3961 car
1471 8.9483 0.3121 car
1472 8.7352 -0.2792 car
1472 8.0145 0.3374 car
1473 8.5222 -0.3121 car
1473 10.3647 0.3714 car
1474 8.6260 -0.3711 car
1474 8.1649 0.3445 car
1475 8.3435 0.3281 car
1475 9.3010 -0.3108 car
1476 9.3680 0.3307 car
1476 9.0499 -0.2939 car
1477 8.2349 0.3444 car
1477 9.2666 -0.3112 car
1478 9.5727 -0.3302 car
1478 9.1583 0.3280 car
1479 9.5864 -0.3057 car
1479 8.7288 0.3432 car
1480 8.9448 0.3380 car
1480 9.2601 -0.2853 car
1481 9.2679 -0.2792 car
1481 8.6634 0.3279 car
1482 9.6280 -0.3269 car
1482 9.0846 0.3522 car
1483 9.7199 -0.3382 car
1484 9.7993 -0.3341 car
1484 8.9471 0.3110 car
1485 9.8656 -0.3054 car
1485 9.4401 0.3164 car
1486 9.8602 -0.2835 car
1486 9.4916 0.3679 car
1487 9.6822 -0.2933 car
1487 9.5821 0.3161 car
1488 9.8738 -0.2775 car
1488 9.0337 0.3740 car
1489 9.9041 -0.2693 car
1489 9.3578 0.3523 car
1490 9.4780 -0.3048 car
1490 9.0383 0.4248 car
1491 9.5061 0.3502 car
1491 9.8002 -0.2869 car
1492 9.9386 -0.2673 car
1492 9.7136 0.3902 car
1493 9.4434 0.3401 car
1493 10.0693 -0.2891 car
1494 9.9449 0.3709 car
1494 10.0846 -0.2629 car
1495 9.9057 -0.2620 car
1495 8.8574 0.3073 car
1496 10.3177 -0.3043 car
1496 9.5525 0.3995 car
1497 10.0106 -0.2532 car
1497 10.1036 0.2685 car
1498 10.3700 -0.2786 car
1498 9.2839 0.3034 car
1499 10.2939 -0.2401 car
1499 9.8712 0.3475 car
1500 9.8695 -0.2729 car
1500 9.5871 0.3373 car
1501 10.2213 -0.2123 car
1501 9.4972 0.3004 car
1502 10.2263 -0.2705 car
1502 9.4975 0.2973 car
1503 10.1171 -0.2373 car
1503 10.4227 0.2680 car
1504 10.1198 -0.2543 car
1504 10.5178 0.2666 car
1505 10.1480 -0.2741 car
1505 9.7107 0.2958 car
1506 10.2881 -0.2518 car
1506 10.6518 0.2959 car
1507 10.2266 -0.2304 car
1507 10.8367 0.2525 car
1508 10.3298 0.3885 car
1508 10.5050 -0.2509 car
1509 10.1170 -0.2883 car
1509 10.3506 0.2873 car
1510 9.9242 0.2904 car
1510 10.3684 -0.2524 car
1511 10.3277 -0.2450 car
1511 10.1373 0.2896 car
1512 10.3394 -0.3315 car
1512 10.8282 0.2223 car
1513 10.1472 -0.2781 car
1513 10.9010 0.3731 car
1514 10.2266 -0.2629 car
1514 10.3503 0.2904 car
1515 10.6524 -0.2516 car
1515 10.6495 0.3035 car
1516 10.3332 -0.2142 car
1516 10.7534 0.2948 car
1517 10.7217 -0.2025 car
1517 11.2681 0.2434 car
1518 10.6505 -0.2732 car
1518 10.5640 0.2834 car
1519 10.5431 -0.2373 car
1519 10.9661 0.3634 car
1520 10.6470 -0.2340 car
1520 10.5645 0.2780 car
1521 10.7773 0.2811 car
1521 10.5459 -0.2219 car
1522 10.5693 -0.2457 car
1522 10.7773 0.2811 car
1523 10.5462 -0.2304 car
1523 11.5050 0.3287 car
1524 10.5377 -0.2196 car
1524 11.6115 0.3287 car
1525 10.6496 -0.2371 car
1525 11.6079 0.3383 car
1526 11.8241 0.3376 car
1526 10.5448 -0.2296 car
1527 11.2037 0.2772 car
1527 10.6527 -0.2304 car
1528 10.3301 -0.2555 car
1528 11.9307 0.3543 car
1529 12.1414 0.3400 car
1529 10.5448 -0.2458 car
1530 12.1416 0.3167 car
1530 10.7422 -0.2048 car
1531 11.4174 0.2702 car
1531 10.1958 -0.2567 car
1532 11.4176 0.2679 car
1532 11.0726 -0.2093 car
1533 10.9709 -0.2296 car
1533 11.4176 0.2679 car
1534 10.7589 -0.2058 car
1534 11.6307 0.2679 car
1535 10.5375 -0.2562 car
1535 11.6306 0.2694 car
1536 10.6978 -0.2686 car
1537 10.7858 -0.2189 car
1537 12.3534 0.2862 car
1538 12.5414 0.3835 car
1538 10.7579 -0.2135 car
1539 12.5655 0.3117 car
1539 10.7561 -0.2050 car
1540 12.3533 0.3380 car
1540 10.8626 -0.2209 car
1541 11.8445 0.2600 car
1541 10.7886 -0.2406 car
1542 10.7561 -0.2050 car
1542 12.0577 0.2577 car
1543 10.8602 -0.2131 car
1543 12.0579 0.2561 car
1544 10.9720 -0.2058 car
1544 12.9722 0.3479 car
1545 10.9987 -0.2189 car
1545 13.1024 0.2872 car
1546 12.2712 0.2537 car
1546 10.8654 -0.2220 car
1547 13.4058 0.3163 car
1547 10.9667 -0.1967 car
1548 10.9691 -0.2051 car
1548 12.4844 0.2522 car
1549 10.9957 -0.2354 car
1549 12.4846 0.2498 car
1550 10.9709 -0.2135 car
1550 13.1717 0.3585 car
1551 10.9709 -0.2135 car
1551 12.6977 0.2490 car
1552 13.4225 0.2956 car
1552 10.9709 -0.2135 car
1553 10.9709 -0.2135 car
1553 13.3671 0.3081 car
1554 10.9723 -0.2466 car
1554 13.0988 0.3211 car
1555 11.0789 -0.2466 car
1555 13.1243 0.2435 car
1556 11.1288 -0.2544 car
1556 13.6281 0.3139 car
1557 10.9920 -0.2453 car
1557 13.7572 0.3480 car
1558 10.9723 -0.2304 car
1558 13.7656 0.3333 car
1559 11.0774 -0.2133 car
1559 13.7925 0.2694 car
1560 10.9723 -0.2304 car
1560 13.5970 0.2175 car
1561 11.1429 -0.2133 car
1561 13.1252 0.2340 car
1562 15.4154 0.1385 car
1562 11.1821 -0.2051 car
1563 11.1763 -0.2044 car
1563 14.0597 0.3460 car
1564 11.2169 -0.2301 car
1564 13.5514 0.2332 car
1565 11.1850 -0.2219 car
1565 13.6337 0.2962 car
1566 13.9855 0.2967 car
1566 11.1821 -0.2051 car
1567 14.1157 0.2807 car
1567 11.1741 -0.2468 car
1568 14.5538 0.2462 car
1568 11.2740 -0.2033 car
1569 11.2753 -0.2346 car
1569 13.5523 0.2236 car
1570 11.2919 -0.2304 car
1571 11.2919 -0.2304 car
1571 13.5524 0.2220 car
1572 11.2919 -0.2304 car
1572 14.3255 0.1715 car
1573 11.1854 -0.2304 car
1573 14.4633 0.3227 car
1574 11.5027 -0.2026 car
1574 14.5761 0.3310 car
1575 11.5756 -0.2247 car
1575 14.5697 0.3231 car
1576 11.2915 -0.2388 car
1576 14.5532 0.2853 car
1577 11.4336 -0.2358 car
1577 14.5443 0.3163 car
1578 11.3984 -0.2304 car
1578 14.5697 0.3231 car
1579 11.5046 -0.2219 car
1579 14.6883 0.3059 car
1580 11.5035 -0.2134 car
1580 14.1918 0.2204 car
1581 11.3981 -0.2219 car
1581 14.1920 0.2180 car
1582 11.2885 -0.2557 car
1582 14.5865 0.2637 car
1583 11.6081 -0.2047 car
1583 14.1920 0.2180 car
1584 11.6081 -0.2047 car
1584 14.4056 0.2124 car
1585 11.7146 -0.2210 car
1585 15.1633 0.3027 car
1586 11.3984 -0.2466 car
1586 14.8068 0.2387 car
1587 11.5046 -0.2552 car
1587 14.9953 0.3064 car
1588 11.6645 -0.2347 car
1588 15.2150 0.2813 car
1589 11.5747 -0.2527 car
1589 15.1918 0.2908 car
1590 11.5046 -0.2577 car
1590 15.2314 0.2798 car
1591 11.6081 -0.2051 car
1591 14.6189 0.2100 car
1592 10.8342 -0.2497 car
1592 15.2149 0.2977 car
1593 11.6081 -0.2047 car
1593 15.6842 0.2092 car
1594 11.3981 -0.2389 car
1595 11.5750 -0.2469 car
1596 11.5035 -0.2134 car
1597 11.5046 -0.2219 car
1597 15.6826 0.2805 car
1598 11.5035 -0.2134 car
1598 16.3915 0.2397 car
1599 11.2904 -0.2472 car
1599 15.4383 0.2637 car
1600 11.5016 -0.2049 car
1600 15.6164 0.2692 car
1601 15.6800 0.3025 car
1601 11.5016 -0.2049 car
1602 11.5046 -0.2219 car
1602 15.7526 0.3053 car
1603 11.2825 -0.2728 car
1603 15.8891 0.2972 car
1604 11.3981 -0.2219 car
1604 15.6860 0.1906 car
1605 11.3981 -0.2389 car
1605 15.2598 0.1914 car
1606 11.3981 -0.2389 car
1606 15.9179 0.1404 car
1607 11.3981 -0.2389 car
1607 15.6512 0.2637 car
1608 11.3970 -0.2135 car
1608 16.1077 0.2411 car
1609 11.5662 -0.2411 car
1609 15.4731 0.1890 car
1610 11.6081 -0.2213 car
1610 16.1670 0.1562 car
1611 11.7071 -0.2683 car
1612 11.6021 -0.2045 car
1612 15.6863 0.1874 car
1613 11.6081 -0.2213 car
1613 16.2723 0.2570 car
1614 11.6403 -0.2518 car
1614 16.5068 0.2719 car
1615 11.6081 -0.2213 car
1615 16.8108 0.2966 car
1616 11.6404 -0.2407 car
1616 16.5096 0.2309 car
1617 11.5016 -0.2210 car
1617 16.4862 0.1406 car
1618 11.5714 -0.2734 car
1618 16.6049 0.1892 car
1619 11.3981 -0.2714 car
1619 16.6632 0.1810 car
1620 11.6612 -0.2707 car
1620 16.7243 0.2387 car
1621 11.5735 -0.2567 car
1621 16.8279 0.2360 car
1622 11.5746 -0.2676 car
1622 16.3260 0.1825 car
1623 11.2904 -0.2623 car
1623 16.9328 0.2556 car
1624 11.7880 -0.2460 car
1624 17.0832 0.2312 car
1625 11.5046 -0.2544 car
1625 17.0098 0.1489 car
1626 11.6855 -0.2290 car
1626 17.0078 0.2815 car
1627 11.7114 -0.2353 car
1627 17.1487 0.2309 car
1628 11.7107 -0.2464 car
1628 17.1487 0.1977 car
1629 11.7119 -0.2126 car
1629 17.1769 0.2526 car
1630 11.7847 -0.2077 car
1630 18.2378 0.1712 car
1631 11.7049 -0.2514 car
1631 17.3371 0.1407 car
1632 11.8184 -0.2123 car
1632 17.4422 0.2572 car
1633 11.6960 -0.2291 car
1633 17.3640 0.2142 car
1634 11.8211 -0.2047 car
1634 16.9664 0.1694 car
1635 11.0478 -0.2544 car
1635 17.1795 0.1694 car
1636 11.7146 -0.2049 car
1637 11.6055 -0.2129 car
1637 17.4682 0.2306 car
1638 11.6404 -0.2407 car
1638 17.7895 0.1899 car
1639 11.6439 -0.2468 car
1639 18.7290 0.1501 car
1640 11.6428 -0.2463 car
1640 17.8960 0.2226 car
1641 11.6467 -0.2358 car
1641 17.3928 0.1670 car
1642 11.6111 -0.2381 car
1642 17.8571 0.1927 car
1643 11.6100 -0.2459 car
1643 20.8019 0.1654 car
1644 11.8184 -0.2285 car
1645 11.0480 -0.2560 car
1645 18.4238 0.2392 car
1646 11.0480 -0.2560 car
1646 17.6064 0.1613 car
1647 11.0481 -0.2567 car
1648 11.6115 -0.2466 car
1648 18.3018 0.1492 car
1649 11.8230 -0.2294 car
1649 17.8195 0.1605 car
1650 11.0481 -0.2567 car
1650 17.8195 0.1605 car
1651 11.9296 -0.2352 car
1651 18.5072 0.1252 car
1652 11.0477 -0.2536 car
1652 18.5211 0.1414 car
1653 11.7176 -0.2389 car
1653 18.0329 0.1572 car
1654 11.5034 -0.2472 car
1654 17.0395 0.1760 car
1655 11.6111 -0.2389 car
1655 18.7434 0.1736 car
1656 11.9300 -0.2302 car
1656 18.8404 0.1571 car
1657 11.9300 -0.2302 car
1657 18.8547 0.2064 car
1658 11.6100 -0.2474 car
1658 18.8404 0.1412 car
1659 11.7118 -0.2648 car
1659 18.4592 0.1555 car
1660 11.0481 -0.2567 car
1660 18.4590 0.1572 car
1661 11.6115 -0.2466 car
1661 18.6723 0.1547 car
1662 11.6111 -0.2381 car
1662 18.6725 0.1531 car
1663 11.6054 -0.2290 car
1663 19.1341 0.2649 car
1664 11.5046 -0.2713 car
1664 19.2658 0.2236 car
1665 11.5016 -0.2210 car
1665 19.3659 0.1493 car
1666 11.5008 -0.2461 car
1666 19.3781 0.1655 car
1667 11.3969 -0.2637 car
1667 19.3727 0.1414 car
1668 11.3950 -0.2723 car
1668 19.4846 0.1494 car
1669 11.5035 -0.2295 car
1669 19.6852 0.1331 car
1670 19.6679 0.1169 car
1670 11.5025 -0.2518 car
1671 11.5026 -0.2850 car
1671 19.5954 0.1577 car
1672 11.6100 -0.2456 car
1672 19.7915 0.1493 car
1673 11.3969 -0.2459 car
1673 19.7018 0.2066 car
1674 11.2885 -0.2884 car
1674 19.3125 0.1449 car
1675 11.3984 -0.2629 car
1675 20.0932 0.1163 car
1676 11.0789 -0.2792 car
1676 19.7835 0.1259 car
1677 11.4316 -0.2512 car
1677 19.3727 0.1428 car
1678 11.3951 -0.2374 car
1678 18.9523 0.1354 car
1679 11.0789 -0.2792 car
1679 19.5257 0.1432 car
1680 11.1850 -0.2876 car
1680 16.5431 0.1416 car
1681 11.0602 -0.3232 car
1682 11.2827 -0.2364 car
1682 19.7390 0.1407 car
1683 10.6239 -0.2732 car
1683 20.3361 0.2313 car
1684 10.9720 -0.2877 car
1684 19.9525 0.1366 car
1685 11.1839 -0.2965 car
1685 20.4533 0.1821 car
1686 11.2195 -0.2902 car
1686 19.9526 0.1358 car
1687 10.9708 -0.3127 car
1687 20.1655 0.1374 car
1688 11.7079 -0.3199 car
1688 20.7566 0.0937 car
1689 11.4315 -0.2846 car
1689 20.4119 0.1345 car
1690 11.0789 -0.2629 car
1690 20.1657 0.1350 car
1691 11.1850 -0.3041 car
1691 20.4526 0.1902 car
1692 11.1839 -0.2621 car
1692 19.0588 0.1363 car
1693 11.2904 -0.2460 car
1693 20.7722 0.1902 car
1694 11.4245 -0.2501 car
1694 20.3792 0.1308 car
1695 11.2195 -0.3005 car
1695 20.5922 0.1308 car
1696 11.0718 -0.2942 car
1696 20.8625 0.2068 car
